-0.07757167 2.862309 0.150921538
-0.0892112553 2.87183642 0.139753684
-0.0945187956 2.859907 0.130268216
-0.0734369159 2.8543117 0.152757645
-0.09515241 2.85025859 0.128260359
-0.0904931054 2.83557367 0.132694334
-0.06799507 2.8290174 0.156364366
-0.07412082 2.81619024 0.147729188
-0.06297992 2.81950569 0.1519866
-0.07357614 2.84461546 0.172207713
-0.06890574 2.82273746 0.17386438
-0.07832869 2.86395741 0.171040967
-0.07402741 2.86397266 0.147426382
-0.08232478 2.89343619 0.147821143
-0.08462086 2.891006 0.1732771
-0.08351732 2.89001679 0.199430823
-0.08453623 2.91980743 0.148164809
-0.08615711 2.92044067 0.17593801
-0.08283415 2.94106865 0.14841111
-0.08261945 2.94640732 0.174943224
-0.08499925 2.92238617 0.200191081
-0.0800093 2.95118713 0.19665888
-0.07168117 2.955513 0.21586524
-0.07749732 2.86248064 0.199223682
-0.07616842 2.924156 0.22182706
-0.05746674 2.95845222 0.2303952
-0.0734375045 2.843749 0.1985949
-0.07582293 2.8908515 0.223219335
-0.060049206 2.92489576 0.239245921
-0.0298720319 2.92566729 0.250214368
-0.02994303 2.95999575 0.23958382
3.798601E-16 2.92617536 0.253187537
3.798601E-16 2.96051145 0.2431911
0.02994303 2.95999575 0.23958382
-0.05941187 2.89291859 0.240167409
-0.0275665037 2.893787 0.252489418
0.0298720319 2.92566729 0.250214368
0.05746674 2.95845222 0.2303952
-0.07324524 2.87400842 0.223073721
-0.057721328 2.880616 0.239486486
-0.07452405 2.862235 0.213549212
-0.0427138135 2.880789 0.245993853
-0.06759831 2.86218071 0.224556059
-0.0714725554 2.844622 0.2118255
-0.0543648042 2.86684012 0.235876054
-0.06585658 2.84806347 0.220778435
-0.06835683 2.820145 0.199986219
-0.0642338246 2.85870028 0.223311856
-0.06037068 2.85156441 0.222277254
-0.05099354 2.858163 0.23083134
-0.05549319 2.846447 0.222834483
-0.0406258628 2.86632323 0.240915
-0.0404329561 2.85694575 0.233593553
-0.0610901639 2.836811 0.223677531
-0.0216337759 2.877091 0.252067536
-0.0273961034 2.86278915 0.242506891
-0.0296207126 2.85523367 0.234334558
-0.0233545937 2.852315 0.233777136
-0.06491139 2.81877947 0.21664995
-0.05169011 2.83372116 0.228653193
-0.0488294438 2.84445143 0.224729791
3.798601E-16 2.89436364 0.256269217
-0.05247898 2.816584 0.229441538
-0.0398050062 2.8341794 0.232068
-0.0386035554 2.8443737 0.227517277
-0.03900638 2.81846738 0.234782964
-0.0287378989 2.83609724 0.234220147
-0.02827864 2.845314 0.230199113
0.0275665037 2.893787 0.252489418
-0.048031874 2.79952478 0.227509916
-0.027035987 2.82217717 0.238668621
-0.0185841732 2.84087372 0.2364913
-0.0228792019 2.847428 0.232011974
-0.0161257554 2.84754324 0.2376266
-0.0217806473 2.84920478 0.232826322
-0.0148794139 2.82756662 0.243047
-0.0193262063 2.85601521 0.240232036
-0.0109960083 2.85882258 0.245789587
-0.008895435 2.83036685 0.247823164
3.798601E-16 2.87601042 0.2550156
-0.009671784 2.84703946 0.242891982
0.0216337759 2.877091 0.2520675
3.798601E-16 2.85933852 0.248989925
0.0109960083 2.85882258 0.245789587
3.798601E-16 2.84686422 0.246012151
0.009671784 2.84703946 0.242891982
0.0161257554 2.84754324 0.2376266
3.798601E-16 2.832014 0.252289146
3.798601E-16 2.821846 0.260849625
0.008895435 2.83036685 0.247823164
-0.006323566 2.81893587 0.255533248
-0.0111901425 2.81509113 0.249231428
-0.0221270286 2.809181 0.2415791
-0.0347275 2.80426931 0.2354142
-0.039075 2.78719378 0.225814819
-0.0277565159 2.79418683 0.236044884
-0.017528126 2.80048966 0.242992669
-0.00524957152 2.8074944 0.2551389
-0.00294084614 2.81187749 0.2613362
3.798601E-16 2.80578876 0.257851541
-0.05652258 2.79765248 0.215546846
-0.0211766623 2.78863859 0.237115785
-0.007283016 2.79558873 0.247101873
-0.05986516 2.79759121 0.200965524
-0.0147975981 2.79339266 0.242846191
-0.0614864454 2.79853058 0.176544785
-0.0575163774 2.79832888 0.1578112
-0.0498992167 2.78294182 0.202179074
-0.0514052249 2.78287053 0.1863773
-0.04877454 2.78357887 0.1669423
-0.04669524 2.78375983 0.215684
-0.0350028761 2.77233553 0.217090085
-0.03886199 2.77065468 0.197153255
-0.037412446 2.77147961 0.182171389
-0.03648042 2.78454351 0.168663532
-0.05053459 2.80333567 0.1585123
-0.0601179525 2.82296634 0.151573926
-0.0707476139 2.84382463 0.137150422
-0.07412082 2.81619024 0.147729188
-0.0904931054 2.83557367 0.132694334
-0.09515241 2.85025859 0.128260359
-0.07563768 2.85733914 0.136689231
-0.0945187956 2.859907 0.130268216
-0.0892112553 2.87183642 0.139753684
-0.07633789 2.86382 0.141185492
-0.07402741 2.86397266 0.147426382
-0.07757167 2.862309 0.150921538
-0.0734369159 2.8543117 0.152757645
-0.0238143075 2.776681 0.175276831
-0.0234853942 2.76068544 0.196743548
-0.0100900438 2.771951 0.179771259
-0.024460515 2.76003218 0.2073541
-0.008650061 2.75249958 0.209799826
3.798601E-16 2.77118587 0.18046765
3.798601E-16 2.74894714 0.216234162
-0.0097277 2.750684 0.218414992
3.798601E-16 2.747383 0.223394319
-0.023078151 2.76229644 0.21990478
-0.0101851057 2.75300026 0.224891812
3.798601E-16 2.74959469 0.2280262
-0.02914659 2.776306 0.225621149
-0.0210068729 2.780387 0.2332646
-0.0196872652 2.76763344 0.227569312
-0.00935569 2.76063967 0.229237318
3.798601E-16 2.75793934 0.23114562
0.0101851057 2.75300026 0.224891812
3.798601E-16 2.747383 0.223394319
0.0097277 2.750684 0.218414992
3.798601E-16 2.74894714 0.216234162
0.008650061 2.75249958 0.209799826
3.798601E-16 2.77118587 0.18046765
0.0100900438 2.771951 0.179771259
0.0234853942 2.76068544 0.196743548
0.0238143075 2.776681 0.175276831
0.024460515 2.76003218 0.2073541
0.023078151 2.76229644 0.21990478
0.00935569 2.76063967 0.229237318
3.798601E-16 2.76947618 0.234995991
0.037412446 2.77147961 0.182171389
0.03648042 2.78454351 0.168663532
0.03886199 2.77065468 0.197153255
0.0350028761 2.77233553 0.217090085
-0.00750921946 2.77086139 0.234163046
-0.0147724431 2.77439332 0.233589411
0.0196872652 2.76763344 0.227569312
0.00750921946 2.77086139 0.234163046
3.798601E-16 2.777151 0.241457745
0.02914659 2.776306 0.225621149
0.039075 2.78719378 0.225814819
0.0210068729 2.780387 0.2332646
0.0147724431 2.77439332 0.233589411
-0.00568233 2.77809334 0.2401256
0.00568233 2.77809334 0.2401256
2.32834429E-11 2.78447747 0.240205467
-0.005240216 2.78473759 0.239585817
0.005240216 2.78473759 0.239585817
-0.0109021543 2.78023458 0.237619877
-0.009960988 2.78449082 0.237627789
-0.012080092 2.784525 0.236482754
0.0109021543 2.78023458 0.237619877
0.009960988 2.78449082 0.237627789
0.0120800911 2.784525 0.236482754
-0.01446531 2.78311372 0.236311629
-0.0124811493 2.78504419 0.236432284
0.01446531 2.78311372 0.236311629
0.0124811465 2.78504419 0.236432314
-0.0151954778 2.78468 0.236770675
-0.0148680545 2.78587317 0.237840787
-0.012058787 2.78546667 0.2365569
-0.0119623393 2.787304 0.241552666
-0.009992311 2.785644 0.237707466
-0.00527300034 2.78536534 0.23960194
-0.006817124 2.78827477 0.2460098
3.798601E-16 2.784852 0.24035731
3.798601E-16 2.78855824 0.248827726
3.798601E-16 2.7961874 0.249277785
0.006817124 2.78827477 0.2460098
0.00527300034 2.78536534 0.23960194
0.007283016 2.79558873 0.247101873
0.0119623393 2.787304 0.241552666
0.009992311 2.785644 0.237707466
0.012058787 2.78546667 0.2365569
0.0147975981 2.79339266 0.242846191
0.0148680545 2.78587317 0.237840787
0.0151954778 2.78468 0.236770675
0.0211766623 2.78863859 0.237115785
0.017528126 2.80048966 0.242992669
0.0277565159 2.79418683 0.236044884
0.00524957152 2.8074944 0.2551389
0.0221270286 2.809181 0.2415791
0.0347275 2.80426931 0.2354142
0.0111901425 2.81509113 0.249231428
0.00294084614 2.81187749 0.2613362
0.006323566 2.81893587 0.255533248
3.798601E-16 2.81014657 0.262745738
3.798601E-16 2.81631 0.2660578
0.0148794139 2.82756662 0.243047
0.027035987 2.82217717 0.238668621
0.03900638 2.81846738 0.234782964
0.0185841732 2.84087372 0.2364913
0.0287378989 2.83609724 0.234220147
0.048031874 2.79952478 0.227509916
0.0398050062 2.8341794 0.232068
0.02827864 2.845314 0.230199113
0.0228792019 2.847428 0.232011974
0.03860356 2.8443737 0.227517262
0.0217806473 2.84920478 0.232826322
0.0488294438 2.84445143 0.224729791
0.0233545937 2.852315 0.233777136
0.05169011 2.83372116 0.228653193
0.05549319 2.846447 0.222834483
0.0193262063 2.85601521 0.240232036
0.0273961034 2.86278915 0.242506891
0.0296207126 2.85523367 0.234334558
0.0404329561 2.85694575 0.233593553
0.0406258628 2.86632323 0.240915
0.05099354 2.858163 0.23083134
0.05247898 2.816584 0.229441538
0.0610901639 2.836811 0.223677531
0.0427138135 2.880789 0.245993853
0.0543648042 2.86684012 0.235876054
0.0642338246 2.85870028 0.223311856
0.06491139 2.81877947 0.21664995
0.06585658 2.84806347 0.220778435
0.06037068 2.85156441 0.222277254
0.05941187 2.89291859 0.240167409
0.06759831 2.86218071 0.224556059
0.057721328 2.880616 0.239486486
0.0714725554 2.844622 0.2118255
0.07452405 2.862235 0.213549212
0.07282022 2.87380648 0.223048866
0.08351732 2.89001679 0.199430823
0.07582293 2.8908515 0.223219335
0.0600492135 2.92489576 0.239245921
0.07616842 2.924156 0.22182706
0.07168117 2.955513 0.21586524
0.08499925 2.92238617 0.200191081
0.0800093 2.95118713 0.19665888
0.08261945 2.94640732 0.174943224
0.08615711 2.92044067 0.17593801
0.08283415 2.94106865 0.14841111
0.08453623 2.91980743 0.148164809
0.08462086 2.891006 0.1732771
0.08232478 2.89343619 0.147821143
0.07832869 2.86395741 0.171040967
0.07402741 2.86397266 0.147426382
0.0734369159 2.8543117 0.152757645
0.07749732 2.86248064 0.199223682
0.07357614 2.84461546 0.172207713
0.06799507 2.8290174 0.156364366
0.0734375045 2.843749 0.1985949
0.06835683 2.820145 0.199986219
0.06890574 2.82273746 0.17386438
0.05986516 2.79759121 0.2009655
0.0614864454 2.79853058 0.176544785
0.05652258 2.79765248 0.215546846
0.04669524 2.78375983 0.215684
0.0498992167 2.78294134 0.202179074
0.0514052249 2.78287053 0.1863773
0.04877454 2.78357887 0.1669423
0.0575163774 2.79832888 0.1578112
0.05053459 2.80333567 0.1585123
0.06297992 2.81950569 0.1519866
0.0601179525 2.82296634 0.151573926
0.0707476139 2.84382463 0.137150422
0.07412082 2.81619024 0.147729188
0.0904931054 2.83557367 0.132694334
0.07412082 2.81619024 0.147729188
0.0904931054 2.83557367 0.132694334
0.09515241 2.85025859 0.128260359
0.0734369159 2.8543117 0.152757645
0.09515241 2.85025859 0.128260359
0.0945187956 2.859907 0.130268216
0.07757167 2.862309 0.150921538
0.0892112553 2.87183642 0.139753684
0.07563768 2.85733914 0.136689231
0.0945187956 2.859907 0.130268216
0.0892112553 2.87183642 0.139753684
0.07633789 2.86382 0.141185492
0.07402741 2.86397266 0.147426382
0.07757167 2.862309 0.150921538
0.0734369159 2.8543117 0.152757645
-0.0221467018 2.8534627 0.2380641
-0.0180955883 2.85119247 0.239171028
-0.0215735175 2.85413122 0.238305256
-0.02445497 2.85468817 0.238182336
-0.0290206112 2.85934663 0.239510119
-0.0296099111 2.85469651 0.235823572
-0.0403686278 2.85655284 0.235005558
-0.0220335927 2.852473 0.23640427
-0.0221467018 2.8534627 0.2380641
-0.01809559 2.85119247 0.239171028
-0.04077539 2.86231613 0.23877725
-0.0512235574 2.85785341 0.232224852
-0.05255712 2.863274 0.234973162
-0.058952406 2.85844922 0.228140056
-0.0607690141 2.863721 0.230847448
-0.0640813 2.85852814 0.225233272
-0.068824254 2.864072 0.225464284
-0.0681385547 2.85699415 0.222863719
-0.07026477 2.85995579 0.222163871
-0.08045796 2.8650012 0.216819555
-0.06283886 2.85045147 0.223225519
-0.0604663454 2.852081 0.224090084
-0.0578199141 2.84660721 0.223574966
-0.05672975 2.84798336 0.22391142
-0.0488294438 2.84469724 0.22476761
-0.06258232 2.86534119 0.230642572
-0.05818281 2.86518764 0.233143657
-0.0582060963 2.865454 0.233296677
-0.0539561361 2.86542559 0.235539168
-0.05386412 2.86492682 0.235321313
-0.04107676 2.86452579 0.240181684
-0.0410484523 2.86353326 0.2395481
-0.0279092453 2.86147976 0.241619259
-0.0281139184 2.86063457 0.240905315
-0.0197695456 2.85714626 0.241137311
-0.057053946 2.87495613 0.238639414
-0.0724176839 2.87589669 0.228577122
-0.0568253472 2.87354612 0.238371328
-0.0419406 2.87315869 0.245026484
-0.041812025 2.87086749 0.244458765
-0.02719227 2.87062216 0.2484915
-0.02587048 2.867204 0.247682452
-0.0149249081 2.86430216 0.248289987
-0.03878157 2.8434813 0.2290248
-0.0284571163 2.84510255 0.231511831
-0.0386329629 2.844384 0.227883831
-0.0491532 2.84359169 0.226121828
-0.0488294438 2.84469724 0.22476761
-0.0578199141 2.84660721 0.223574966
0.068824254 2.864072 0.225464284
0.07026477 2.85995579 0.222163871
0.08045796 2.8650012 0.216819555
0.0681385547 2.85699415 0.222863719
0.0640813 2.85852814 0.225233272
0.06283886 2.85045147 0.223225519
0.0607690141 2.863721 0.230847448
0.0604663454 2.852081 0.224090084
0.058952406 2.85844922 0.228140056
0.0578199141 2.84660721 0.223574966
0.05672975 2.84798336 0.22391142
0.0488294438 2.84469724 0.22476761
0.05255712 2.863274 0.234973162
0.0512235574 2.85785341 0.232224852
0.04077539 2.86231613 0.23877725
0.0403686278 2.85655284 0.235005558
0.0290206112 2.85934663 0.239510119
0.0296099111 2.85469651 0.235823572
0.02445497 2.85468817 0.238182336
0.0220335927 2.852473 0.23640427
0.0215735175 2.85413122 0.238305256
0.0221467018 2.8534627 0.2380641
0.01809559 2.85119247 0.239171028
0.0221467018 2.8534627 0.2380641
0.01809559 2.85119247 0.239171028
0.06258232 2.86534119 0.230642572
0.0582060963 2.865454 0.233296677
0.05818281 2.86518764 0.233143657
0.0539561361 2.86542559 0.235539168
0.05386412 2.86492682 0.235321313
0.04107676 2.86452579 0.240181684
0.0410484523 2.86353326 0.2395481
0.0279092453 2.86147976 0.241619259
0.02811392 2.86063457 0.240905359
0.0197695456 2.85714626 0.241137311
0.02719227 2.87062216 0.2484915
0.0149249081 2.86430216 0.248289987
0.0258704815 2.86720419 0.247682452
0.041812025 2.87086749 0.244458765
0.0419406 2.87315869 0.245026484
0.0568253472 2.87354612 0.238371328
0.057053946 2.87495613 0.238639414
0.0724176839 2.87589669 0.228577122
0.0284571163 2.84510255 0.231511831
0.03878157 2.8434813 0.2290248
0.0386329629 2.844384 0.227883831
0.0491532 2.84359169 0.226121828
0.0488294438 2.84469724 0.22476761
0.0578199141 2.84660721 0.223574966
-0.0236769542 2.85202265 0.2349805
-0.0294112973 2.849884 0.234525174
-0.0221483447 2.84890079 0.2340977
-0.03016088 2.854941 0.235522687
-0.03945726 2.8503406 0.23358354
-0.04073953 2.85665417 0.234801173
-0.0488767922 2.85078716 0.23073031
-0.051472 2.85792351 0.231957719
-0.060625717 2.851381 0.223392427
-0.06443103 2.858531 0.224485427
0.051472 2.85792351 0.231957719
0.060625717 2.851381 0.223392427
0.06443103 2.858531 0.224485427
0.0488767922 2.85078716 0.23073031
0.04073953 2.85665417 0.234801173
0.03945726 2.8503406 0.23358354
0.03016088 2.854941 0.235522687
0.0294112973 2.849884 0.234525174
0.0236769542 2.85202265 0.2349805
0.0221483447 2.84890079 0.2340977
-0.0482538864 2.84680843 0.224560022
-0.0426688753 2.85745335 0.226684123
-0.05246637 2.85110116 0.224858046
-0.0425703861 2.84519 0.2252889
-0.05418737 2.85696363 0.226147085
-0.0369152352 2.846687 0.226879448
-0.0530457944 2.86279082 0.228094235
-0.03289222 2.85089064 0.228886247
-0.04926163 2.86704063 0.230163366
-0.0316732638 2.85675168 0.23083
-0.0437732 2.868564 0.23178187
-0.0335789137 2.86263227 0.232168108
-0.0380216241 2.8669498 0.232516646
0.03691523 2.846687 0.226879448
0.04266887 2.85745335 0.226684123
0.03289222 2.85089064 0.228886247
0.0425703861 2.84519 0.2252889
0.0316732638 2.85675168 0.23083
0.0482538864 2.84680843 0.224560022
0.0335789137 2.86263227 0.232168108
0.05246637 2.85110116 0.224858046
0.0380216241 2.8669498 0.232516646
0.05418737 2.85696363 0.226147085
0.04377319 2.868564 0.23178187
0.0530457944 2.86279082 0.228094235
0.04926163 2.86704063 0.230163366
0.0233545937 2.852315 0.233777136
0.0275601167 2.86141181 0.231286809
0.0296207126 2.85523367 0.234334558
0.0404329561 2.85694575 0.233593553
0.019697357 2.85243559 0.229564384
0.0217806473 2.84920478 0.232826322
0.04064422 2.86457658 0.228589639
0.05099354 2.858163 0.23083134
0.0169861317 2.84794855 0.227550626
0.0228792019 2.847428 0.232011974
0.0416338742 2.84956956 0.218806267
0.0492970273 2.86572647 0.226145312
0.01904937 2.84348 0.225548312
0.0642338246 2.85870028 0.223311856
0.02706345 2.84088421 0.223786235
0.02827864 2.845314 0.230199113
0.03860356 2.8443737 0.227517262
0.06851822 2.860215 0.218080252
0.06037068 2.85156441 0.222277254
0.0656131357 2.85147667 0.216202915
0.05549319 2.846447 0.222834483
0.0572472028 2.84010053 0.216647118
0.0488294438 2.84445143 0.224729791
0.048179213 2.83743382 0.2193858
0.0374856927 2.83943176 0.222091541
-0.0275601167 2.86141181 0.231286809
-0.0233545937 2.852315 0.233777136
-0.0296207126 2.85523367 0.234334558
-0.0404329561 2.85694575 0.233593553
-0.019697357 2.85243559 0.229564384
-0.0217806473 2.84920478 0.232826322
-0.04064422 2.86457658 0.228589639
-0.05099354 2.858163 0.23083134
-0.0169861317 2.84794855 0.227550626
-0.0228792019 2.847428 0.232011974
-0.0416338742 2.84956956 0.218806267
-0.0492970273 2.86572647 0.226145312
-0.01904937 2.84348 0.225548312
-0.0642338246 2.85870028 0.223311856
-0.02706345 2.84088421 0.223786235
-0.02827864 2.845314 0.230199113
-0.0386035554 2.8443737 0.227517277
-0.06851823 2.860215 0.218080252
-0.06037068 2.85156441 0.222277254
-0.0656131357 2.85147667 0.216202915
-0.05549319 2.846447 0.222834483
-0.0572472028 2.84010053 0.216647089
-0.0488294438 2.84445143 0.224729791
-0.048179213 2.83743382 0.2193858
-0.0374856927 2.83943176 0.222091541
-0.012058787 2.78546667 0.2365569
-0.012232719 2.7849865 0.236559048
-0.0121073509 2.78495574 0.236666635
-0.009964918 2.78507757 0.23765631
-0.0124811465 2.78504419 0.236432314
-0.009992311 2.785644 0.237707466
-0.00527300034 2.78536534 0.23960194
-0.00525282929 2.78504753 0.239487559
-0.0120800911 2.784525 0.236482754
-0.0121073509 2.78495574 0.236666635
-0.009964918 2.78507757 0.23765631
-0.00996098947 2.78449059 0.237627789
-0.00525282929 2.78504753 0.239487559
-0.005240216 2.78473759 0.239585817
3.798601E-16 2.784852 0.24035731
3.71663817E-16 2.78469276 0.240230426
0.0025892742 2.78482819 0.240103334
0.00258347276 2.78506756 0.240190759
0.00525282929 2.78504753 0.239487559
0.00527300034 2.78536534 0.23960194
3.71663817E-16 2.78469276 0.240230426
3.71663817E-16 2.78447747 0.240205467
0.005240216 2.78473759 0.239585817
0.00525282929 2.78504753 0.239487559
0.009960988 2.78449082 0.237627789
0.009964918 2.78507757 0.23765631
0.009964918 2.78507757 0.23765631
0.009992311 2.785644 0.237707466
0.0120800911 2.784525 0.236482754
0.0121073509 2.78495574 0.236666635
0.012058787 2.78546667 0.2365569
0.0121073509 2.78495574 0.236666635
0.012232719 2.7849865 0.236559048
0.0124811465 2.78504419 0.236432314
0.05246637 2.85110116 0.224858046
0.0433476456 2.856391 0.2299445
0.0482538864 2.84680843 0.224560022
0.05418737 2.85696363 0.226147085
0.0425703861 2.84519 0.2252889
0.0530457944 2.86279082 0.228094235
0.03691523 2.846687 0.226879448
0.04926163 2.86704063 0.230163366
0.03289222 2.85089064 0.228886247
0.0437732 2.868564 0.23178187
0.0316732675 2.85675168 0.23083
0.0380216241 2.8669498 0.232516646
0.0335789137 2.86263227 0.232168108
-0.0316732675 2.85675168 0.23083
-0.0433476456 2.856391 0.2299445
-0.03289222 2.85089064 0.228886247
-0.0335789137 2.86263227 0.232168108
-0.03691523 2.846687 0.226879448
-0.0380216241 2.8669498 0.232516646
-0.0425703861 2.84519 0.2252889
-0.0437732 2.868564 0.23178187
-0.0482538864 2.84680843 0.224560022
-0.04926163 2.86704063 0.230163366
-0.05246637 2.85110116 0.224858046
-0.0530457944 2.86279082 0.228094235
-0.05418737 2.85696363 0.226147085
3.71663817E-16 2.806623 0.259278953
3.71663817E-16 2.80984855 0.262957841
-0.000383989653 2.81019878 0.2626916
0.000383989653 2.81019878 0.2626916
3.71663817E-16 2.81528378 0.265975863
