0.92051484 0.46416190
0.97069889 0.48521215
0.96992781 0.52920204
0.89601288 0.49690688
0.96055035 0.54740606
0.94163676 0.56908439
0.86014453 0.59053191
0.89051328 0.60582552
0.86169856 0.63120200
0.84250924 0.51763013
0.81775718 0.59143227
0.86307010 0.45792514
0.93334070 0.45607554
0.93806058 0.34406543
0.86365563 0.34906699
0.79167572 0.34763998
0.92820221 0.25507410
0.84870224 0.25657671
0.92689152 0.18863438
0.84698369 0.18912162
0.79702247 0.25459702
0.80446857 0.17744071
0.74595088 0.16543027
0.77376130 0.43433687
0.74124678 0.24898977
0.69214895 0.14802864
0.76223287 0.49639177
0.73431765 0.36191200
0.68161420 0.24239641
0.59204192 0.23560205
0.60051658 0.13285716
0.49970571 0.23137842
0.49996218 0.12683020
0.39934410 0.13261241
0.67652997 0.35211930
0.57969629 0.34200640
0.40736822 0.23521812
0.30758410 0.14763660
0.72426163 0.41229321
0.67495494 0.36719957
0.74406484 0.43240438
0.62918994 0.36591484
0.69919685 0.45394378
0.73845246 0.49072540
0.66723419 0.41790801
0.69810692 0.48156975
0.74184691 0.56618963
0.69152243 0.45871587
0.68712936 0.48332372
0.65716668 0.45258440
0.66819049 0.49920539
0.62532156 0.41386903
0.62382112 0.45305956
0.69117942 0.51498867
0.56533209 0.37886344
0.57444129 0.42104707
0.58473417 0.44878634
0.57194308 0.46553895
0.70791080 0.56385499
0.66085038 0.52947748
0.65352092 0.50419689
0.49842525 0.32378680
0.66422181 0.56851072
0.62382596 0.53049878
0.62184298 0.50432638
0.62109584 0.56553795
0.58914562 0.52301362
0.59106073 0.49509729
0.41943474 0.34285035
0.65158579 0.61864589
0.58898412 0.55621748
0.56293368 0.50495667
0.57686514 0.48411938
0.55224851 0.48019986
0.57282943 0.47398183
0.55331428 0.54307505
0.55290243 0.45080200
0.53308823 0.43731315
0.52997512 0.53451332
0.49904490 0.37768719
0.52916051 0.48139199
0.43396595 0.37857597
0.49975982 0.43221355
0.46612412 0.43692412
0.49965530 0.48052465
0.47025468 0.48134263
0.44697038 0.48064491
0.49943549 0.53417138
0.49611367 0.56079644
0.46938090 0.53466414
0.52317414 0.57256957
0.53938895 0.58223288
0.57254610 0.59721407
0.60705776 0.60436799
0.62691771 0.65938723
0.58357869 0.64029063
0.55475494 0.62373627
0.51370534 0.60331695
0.50513315 0.58386220
0.49847592 0.60374885
0.68402855 0.62923227
0.55962506 0.65186937
0.52012507 0.63591626
0.71675788 0.63784334
0.54389118 0.63916348
0.77617070 0.67751601
0.81487143 0.68612980
0.68072903 0.69177696
0.72299616 0.71010651
0.76350051 0.72474893
0.65158375 0.67145018
0.61166395 0.70648826
0.65408658 0.73370802
0.68790176 0.73984566
0.74302861 0.75846968
0.82884903 0.69624915
0.87581003 0.63586185
0.96960190 0.58778952
0.89051328 0.60582552
0.94163676 0.56908439
0.96055035 0.54740606
0.98176655 0.52249917
0.96992781 0.52920204
0.97069889 0.48521215
0.97341424 0.48258742
0.93334070 0.45607554
0.92051484 0.46416190
0.89601288 0.49690688
0.68649715 0.79153838
0.60870555 0.75145237
0.61076793 0.82640790
0.58912188 0.74641861
0.53406323 0.76368569
0.49960515 0.84472119
0.49986650 0.76723657
0.53431675 0.75458232
0.50000003 0.75862530
0.56883810 0.72968938
0.52702191 0.74752102
0.49850304 0.75282296
0.59202926 0.69293397
0.55793018 0.67705921
0.55455622 0.71707928
0.52827645 0.73269737
0.49983454 0.74127147
0.47237780 0.74717728
0.50000003 0.75862530
0.46533959 0.75448069
0.49986650 0.76723657
0.45970675 0.76124289
0.49960515 0.84472119
0.38814202 0.82615215
0.39081339 0.75135254
0.31333221 0.79120770
0.41013296 0.74599547
0.43003789 0.72919950
0.47080482 0.73252058
0.49969266 0.70718397
0.31152588 0.73968510
0.25678855 0.75802167
0.34521120 0.73331058
0.38789978 0.70616716
0.52050911 0.70232904
0.54060842 0.69360725
0.44415179 0.71673577
0.47836088 0.70229375
0.49877320 0.67670401
0.40754039 0.69268710
0.37213971 0.65896484
0.44039190 0.67651115
0.45807377 0.69461352
0.51474361 0.67661376
0.48448257 0.67662144
0.49850941 0.66667764
0.51674103 0.66432908
0.47922498 0.66273497
0.53047009 0.67474224
0.53067425 0.66274538
0.53608441 0.66302476
0.46878807 0.67541678
0.46789130 0.66364136
0.46193314 0.66246376
0.54155529 0.66683438
0.53802628 0.66163877
0.45723970 0.66795240
0.46011582 0.66102734
0.54330391 0.66264364
0.54321516 0.65782096
0.53846978 0.65907218
0.53352514 0.65147586
0.52962157 0.65735888
0.51837040 0.65927599
0.51534670 0.65394858
0.49857602 0.66644862
0.49978247 0.65412496
0.49961360 0.63409403
0.48223784 0.65294826
0.48116727 0.65943218
0.47838537 0.63572934
0.46602887 0.65139433
0.46955046 0.65734837
0.46126267 0.65928696
0.45562097 0.63896358
0.45565434 0.65777519
0.45546640 0.66230275
0.43827419 0.65200108
0.44402632 0.62384914
0.41500813 0.64042167
0.48548372 0.60332418
0.42457742 0.59455882
0.39140147 0.60451450
0.45767108 0.58079704
0.49426583 0.58390426
0.47588206 0.57162389
0.49864903 0.58386679
0.49991307 0.57052816
0.44597703 0.54286900
0.41020817 0.55618877
0.37684401 0.56507598
0.43641805 0.50515939
0.40906339 0.52207620
0.34467105 0.61903096
0.37568040 0.53058159
0.40733159 0.49541338
0.41864261 0.48611344
0.37817844 0.50456676
0.42678102 0.47333134
0.34741950 0.50457223
0.42667430 0.46369833
0.33685203 0.52991216
0.33324998 0.49605740
0.44558420 0.44999486
0.42402120 0.41975702
0.41439352 0.44949705
0.37484515 0.45365060
0.37378906 0.41301974
0.34431602 0.45343172
0.33492940 0.56851829
0.30841774 0.51492935
0.36936464 0.36565312
0.33196601 0.41799842
0.30652755 0.46091512
0.29174285 0.56393798
0.30120797 0.48184235
0.31299499 0.48347907
0.32159016 0.35341677
0.29869557 0.45395043
0.32333221 0.36743951
0.26060749 0.48987202
0.25382435 0.43078298
0.27550406 0.41242396
0.20811462 0.34765490
0.26498915 0.36193940
0.31816739 0.24220659
0.25746271 0.24912005
0.25262903 0.16598155
0.20284232 0.25446394
0.19538701 0.17711000
0.15273454 0.18927759
0.15095070 0.25651459
0.07292440 0.18843855
0.07169157 0.25489957
0.13567261 0.34892078
0.06184816 0.34393684
0.13631675 0.45740340
0.06617093 0.45615315
0.10182948 0.49464624
0.22601787 0.43422258
0.15732858 0.51718492
0.13889011 0.58806835
0.23724180 0.49645335
0.25755517 0.56610862
0.18174453 0.59148661
0.28265287 0.63786633
0.22332510 0.67731795
0.31519275 0.62906906
0.34792891 0.67118777
0.31910853 0.69138490
0.27632753 0.70979216
0.23614784 0.72442270
0.18483756 0.68576499
0.17028932 0.69351413
0.13814762 0.63099612
0.12371411 0.63547673
0.02953150 0.58668400
0.10924024 0.60577020
0.05673989 0.56903241
0.10924024 0.60577020
0.05673989 0.56903241
0.03919696 0.54748344
0.10182948 0.49464624
0.03919696 0.54748344
0.03006398 0.52921480
0.07907395 0.46493937
0.03020137 0.48572526
0.01843461 0.52248245
0.03006398 0.52921480
0.03020137 0.48572526
0.02638711 0.48300517
0.06617093 0.45615315
0.07907395 0.46493937
0.10182948 0.49464624
0.56416637 0.44958372
0.55204569 0.46875833
0.56303542 0.44988565
0.56762353 0.44764269
0.58210912 0.43338289
0.58034053 0.44768181
0.62278955 0.45132073
0.56292360 0.45667320
0.56416637 0.44958372
0.55204569 0.46875833
0.62582619 0.42418589
0.65603065 0.45042899
0.66115413 0.42670712
0.67780240 0.44685165
0.68417520 0.43414587
0.68795369 0.45353715
0.70550246 0.44456405
0.70066231 0.47114216
0.71356388 0.46478119
0.73746255 0.44790810
0.68366540 0.48909203
0.68464477 0.47689305
0.67461858 0.49596250
0.66992450 0.49857972
0.65378810 0.50396550
0.68810607 0.43051729
0.67771979 0.42668994
0.67767799 0.42620580
0.66746731 0.42157458
0.66788318 0.42315608
0.62653725 0.41787540
0.62648986 0.42015508
0.57478486 0.42587967
0.57952390 0.43043251
0.55859734 0.44434831
0.66617644 0.39098242
0.71647753 0.38260600
0.66749046 0.39714802
0.62348381 0.39451234
0.62300998 0.39799309
0.57894951 0.39708933
0.57332766 0.40927412
0.54260267 0.41710546
0.62200118 0.50624991
0.58984799 0.49563204
0.62193558 0.50444055
0.65302629 0.50489769
0.65378810 0.50396550
0.67461858 0.49596250
0.29406888 0.44551168
0.28564328 0.46568714
0.26260387 0.44746095
0.29835950 0.47098690
0.31094289 0.45374524
0.31546233 0.48812072
0.31477789 0.43361221
0.31519540 0.47786186
0.32316796 0.44992718
0.31974549 0.49166023
0.33293135 0.49062297
0.34753588 0.50457338
0.33509361 0.42753033
0.34475187 0.45222981
0.37348000 0.42426791
0.37531889 0.45039026
0.41691401 0.43323836
0.41307401 0.44875771
0.43178578 0.44733828
0.43686487 0.45634055
0.43540723 0.44925857
0.43541687 0.44935139
0.44749736 0.46754150
0.43541687 0.44935139
0.44749736 0.46754150
0.31043011 0.43080118
0.32208347 0.42576425
0.32202272 0.42699036
0.33133661 0.42307236
0.33130069 0.42361879
0.37255750 0.41776789
0.37255877 0.41999964
0.42040244 0.42523711
0.41987688 0.43022679
0.44060480 0.44372871
0.41973617 0.39773263
0.45674311 0.41708670
0.42330262 0.40911189
0.37591023 0.39800763
0.37541170 0.39472269
0.33110300 0.39757717
0.32972322 0.38813057
0.28291041 0.38232210
0.40719124 0.49676023
0.37803685 0.50574588
0.37811219 0.50463211
0.34747906 0.50490854
0.34753588 0.50457338
0.31974549 0.49166023
0.57033015 0.46417666
0.58303740 0.47455211
0.56961468 0.47923474
0.58694499 0.44865814
0.62236110 0.46986429
0.62367988 0.45155310
0.65056597 0.47618735
0.65698404 0.45164064
0.68570187 0.47942717
0.68981986 0.45712206
0.34392224 0.45229535
0.31317469 0.48392434
0.30868460 0.45867783
0.35907185 0.47597948
0.37463376 0.45063779
0.38322075 0.47102270
0.40982499 0.44940711
0.41269797 0.47237788
0.42870682 0.46355366
0.42980830 0.47812107
0.65282027 0.49899843
0.63529926 0.46145465
0.67061409 0.48083804
0.63412352 0.50139837
0.67354982 0.46030534
0.61437010 0.49878076
0.66887823 0.43558307
0.60152553 0.48331276
0.65018096 0.43253555
0.59915505 0.46455314
0.63665722 0.42950953
0.61005281 0.44532646
0.61948549 0.43079016
0.39235919 0.49901159
0.37758593 0.46356816
0.40410421 0.48169207
0.36624280 0.50597760
0.40530761 0.46234853
0.35227179 0.49568511
0.40286271 0.43705067
0.34234247 0.47954649
0.38344785 0.43138860
0.33614044 0.46212675
0.36707903 0.42806363
0.33773968 0.44010897
0.35356048 0.43204291
0.42667430 0.46369833
0.42264898 0.43464036
0.41439352 0.44949705
0.37484515 0.45365060
0.43479379 0.47296989
0.42678102 0.47333134
0.37724688 0.44404181
0.34431602 0.45343172
0.43111622 0.48115347
0.41864261 0.48611344
0.36967404 0.47103053
0.35213175 0.43715138
0.42731149 0.49388872
0.30652755 0.46091512
0.41215072 0.50561254
0.40733159 0.49541338
0.37817844 0.50456676
0.28754474 0.45454356
0.31299499 0.48347907
0.29356811 0.46950217
0.33324998 0.49605740
0.32109564 0.50487775
0.34741950 0.50457223
0.35148500 0.51456667
0.38276225 0.51440548
0.58840413 0.44459672
0.57194308 0.46553895
0.58473417 0.44878634
0.62382112 0.45305956
0.56502601 0.47301961
0.57282943 0.47398183
0.63112857 0.44533812
0.65716668 0.45258440
0.56891734 0.48097458
0.57686514 0.48411938
0.63395892 0.47089727
0.65507413 0.43739255
0.57281226 0.49357097
0.69152243 0.45871587
0.58658446 0.50500923
0.59106073 0.49509729
0.62184298 0.50432638
0.70865579 0.45536077
0.68712936 0.48332372
0.69898888 0.47386931
0.66819049 0.49920539
0.67862919 0.50492788
0.65352092 0.50419689
0.64927147 0.51470222
0.61713876 0.51342912
0.53846978 0.65907218
0.53777717 0.66165787
0.53763683 0.66165362
0.53112292 0.66158091
0.53802627 0.66163876
0.52962157 0.65735888
0.51837040 0.65927599
0.51853009 0.65994215
0.53608441 0.66302476
0.53763683 0.66165362
0.53112292 0.66158091
0.53067407 0.66274587
0.51853009 0.65994215
0.51674103 0.66432908
0.49857602 0.66644862
0.49853274 0.66656834
0.48744690 0.66477893
0.48921402 0.66133639
0.48106236 0.66010127
0.48116727 0.65943218
0.49853274 0.66656834
0.49850941 0.66667764
0.47922498 0.66273497
0.48106236 0.66010127
0.46789130 0.66364136
0.46819284 0.66123835
0.46819284 0.66123835
0.46955046 0.65734837
0.46193314 0.66246376
0.46192157 0.66176075
0.46126267 0.65928696
0.46192157 0.66176075
0.46178184 0.66176344
0.46011582 0.66102734
0.34234247 0.47954649
0.37424785 0.46337662
0.35227179 0.49568511
0.33614044 0.46212675
0.36624280 0.50597760
0.33773968 0.44010897
0.39235919 0.49901159
0.35356048 0.43204291
0.40410421 0.48169207
0.36707900 0.42806363
0.40530761 0.46234854
0.38344785 0.43138860
0.40286271 0.43705067
0.59915506 0.46455314
0.63610378 0.46313766
0.60152553 0.48331276
0.61005281 0.44532646
0.61437008 0.49878077
0.61948549 0.43079016
0.63412352 0.50139837
0.63665722 0.42950953
0.65282027 0.49899843
0.65018096 0.43253555
0.67061409 0.48083804
0.66887823 0.43558307
0.67354982 0.46030534
0.49852042 0.59773621
0.49860852 0.58389483
0.50125796 0.58384865
0.49845717 0.58392006
0.49936209 0.57177395
