0.53332049 0.64333190
0.53000445 0.64355896
0.53338850 0.64369803
0.53338850 0.64369803
0.51872989 0.64319835
0.53332049 0.64333190
0.52762729 0.64353683
0.53000445 0.64355896
0.52968578 0.64334385
0.52087824 0.64336118
0.52148933 0.64358328
0.51426403 0.64336228
0.51394692 0.64372588
0.50671703 0.64336397
0.50686755 0.64388936
0.50000000 0.64333797
0.50000000 0.64385484
0.56563684 0.45665549
0.56157131 0.45034410
0.56696508 0.45025687
0.56157131 0.45034410
0.55772332 0.45985918
0.56948237 0.46867022
0.56091660 0.47413448
0.56865168 0.48350789
0.57336687 0.46775087
0.57509938 0.47078148
0.55240438 0.45154172
0.54975277 0.46630684
0.55505252 0.48692470
0.58025713 0.49147102
0.58942045 0.48926017
0.56448451 0.49813553
0.58835504 0.49594519
0.60281703 0.49779270
0.57510422 0.50702431
0.60487439 0.50321188
0.61961158 0.49643407
0.58819982 0.51332373
0.62084267 0.50563470
0.63879789 0.49321595
0.60368748 0.51803372
0.63837689 0.50673454
0.65546399 0.48775561
0.62108975 0.52120697
0.65176408 0.50491732
0.66746617 0.48472842
0.63951305 0.52212960
0.66389356 0.50152155
0.67052754 0.48031835
0.65883482 0.52026975
0.58849967 0.52620360
0.60394414 0.53082933
0.62274847 0.53485955
0.64225309 0.53748935
0.57370403 0.51983336
0.56026816 0.51190321
0.54549169 0.49686849
0.54062365 0.46788768
0.54165349 0.44925022
0.57037741 0.53252935
0.55733875 0.52647252
0.54335778 0.51978237
0.58703070 0.53819531
0.60251851 0.54291889
0.62290135 0.54888709
0.52815027 0.51517470
0.54141716 0.53599408
0.55514137 0.54035535
0.56868860 0.54573635
0.58567885 0.55081325
0.60205896 0.55485483
0.52956983 0.49513230
0.53791285 0.54865589
0.55094278 0.55378154
0.56436716 0.55896175
0.58039998 0.56524446
0.52786302 0.53349592
0.62108469 0.55981635
0.59547475 0.56982727
0.64288177 0.55260554
0.66308352 0.53768145
0.67538444 0.51255950
0.67028874 0.49844666
0.68130214 0.49054536
0.67928934 0.47071159
0.68676034 0.50399787
0.68392876 0.53301348
0.66485053 0.55277290
0.64032411 0.56377981
0.68507634 0.48820560
0.68345373 0.46755572
0.69256305 0.46142926
0.68834757 0.45250765
0.69196544 0.44502749
0.69883633 0.52229782
0.68834506 0.54782952
0.71127714 0.53580927
0.68818783 0.48959358
0.68847412 0.48550019
0.69625962 0.46477160
0.69202849 0.44560836
0.66317597 0.56604798
0.70899919 0.49938446
0.71548245 0.47262192
0.69295056 0.43945722
0.68732549 0.44238020
0.71341960 0.46526920
0.70749362 0.44098888
0.68553284 0.43140737
0.68149551 0.43743696
0.71690752 0.44398614
0.67350986 0.42206846
0.66772854 0.43106310
0.65945080 0.41959384
0.65247696 0.43010926
0.64310241 0.41913923
0.63803160 0.42974437
0.62370577 0.41885441
0.62030580 0.43012229
0.60402812 0.42076285
0.60345393 0.43188757
0.58589635 0.42514583
0.58653209 0.43662991
0.57482293 0.44254752
0.67693169 0.41105721
0.65920287 0.40019759
0.64177497 0.39991780
0.61538421 0.40046904
0.59511884 0.40493649
0.61149411 0.38042560
0.63761813 0.38136538
0.57838825 0.41299650
0.66015411 0.38177777
0.69047361 0.42084953
0.64010886 0.36074042
0.59113505 0.38017930
0.68058008 0.38264151
0.70239858 0.43186464
0.70500492 0.38812591
0.72019122 0.41756604
0.66689094 0.36282281
0.69510077 0.36578695
0.71862668 0.37294213
0.73922842 0.40668714
0.66213430 0.31944392
0.69382057 0.32682708
0.73741242 0.43813525
0.72509957 0.34528781
0.73705707 0.45934674
0.73066336 0.47734676
0.72323062 0.50490218
0.77827347 0.40023698
0.75267763 0.34134520
0.72489316 0.29246610
0.77239049 0.43123536
0.76375951 0.46065396
0.75490301 0.48825294
0.69092104 0.29130849
0.76063064 0.29184609
0.78858162 0.34312281
0.72651377 0.24418519
0.81506647 0.47174954
0.82401026 0.43756175
0.80600783 0.50370380
0.83027300 0.40554781
0.65885157 0.29064702
0.68107826 0.23949959
0.63174164 0.31765986
0.60855736 0.36057106
0.85844651 0.48024991
0.87604652 0.44575144
0.90489357 0.41243646
0.84477984 0.51272852
0.83753215 0.34601720
0.79355505 0.29245593
0.76464693 0.24844470
0.72959104 0.19999101
0.87792698 0.48517071
0.86325656 0.51786528
0.90456177 0.45413756
0.84123479 0.29230279
0.79884471 0.25211422
0.90301839 0.34565547
0.68458761 0.19197946
0.63981001 0.23594330
0.62752894 0.28982705
0.59944223 0.31838538
0.57408371 0.36846557
0.57312375 0.39485121
0.56801398 0.42336123
0.56968321 0.43573609
0.56493249 0.44153241
0.56938017 0.44803448
0.56696508 0.45025687
0.55765367 0.43714945
0.55716889 0.41444018
0.54719569 0.42991896
0.56046583 0.37979542
0.54361727 0.40648371
0.53580894 0.42656605
0.53111810 0.44722740
0.52956934 0.46724045
0.53357043 0.34953432
0.53175641 0.37271547
0.49906234 0.34634529
0.52343394 0.40390987
0.51904528 0.42462179
0.56979164 0.31979956
0.49888486 0.37250182
0.51733852 0.44408640
0.49899926 0.40217023
0.53373012 0.31924454
0.59593795 0.28922612
0.56521438 0.29033201
0.59341690 0.23232540
0.49894294 0.42402807
0.64329354 0.18592285
0.53264389 0.28889633
0.54799799 0.22929505
0.49940291 0.22955297
0.49980378 0.31937842
0.59587822 0.18045413
0.55094384 0.17722571
0.49947518 0.28843295
0.46732610 0.28889027
0.46572645 0.31925595
0.69186800 0.14897748
0.64805279 0.14048205
0.60031052 0.13379150
0.73377176 0.15900342
0.55133934 0.12972373
0.49927412 0.17603183
0.49998604 0.12786540
0.44863124 0.12971645
0.76745089 0.20712677
0.77051044 0.16926918
0.44903568 0.17723020
0.39965648 0.13377827
0.80239443 0.21375395
0.80440537 0.17860588
0.84420652 0.18577968
0.84478352 0.21976735
0.89657285 0.18790073
0.45198017 0.22930972
0.40409105 0.18047340
0.35191078 0.14046457
0.84159658 0.25411254
0.89886335 0.22266396
0.92520541 0.19046311
0.93048828 0.22514676
0.93580431 0.28312210
0.90041645 0.28936467
0.93675809 0.34240827
0.93831336 0.39875081
0.93588310 0.42368653
0.92646479 0.43244774
0.93550599 0.45342096
0.92795304 0.45585989
0.89847812 0.48685782
0.87824458 0.52450878
0.90423916 0.50252911
0.91081670 0.49273823
0.92246379 0.46145872
0.92157363 0.48558462
0.93191952 0.48040237
0.93770165 0.46115134
0.95265045 0.48271514
0.96116312 0.47607217
0.95822690 0.48835296
0.96967396 0.48507683
0.97330921 0.49733061
0.96540637 0.49993411
0.97056998 0.51695689
0.96740326 0.51626386
0.96726470 0.53202650
0.96544258 0.53058479
0.96051419 0.54527712
0.95543316 0.54517454
0.95156625 0.55659726
0.94016241 0.55011977
0.94144877 0.56795111
0.93188111 0.56240774
0.92139196 0.58746246
0.91533082 0.57969387
0.90303501 0.59833867
0.91167823 0.57437977
0.89706428 0.59426288
0.89031114 0.60580661
0.88495783 0.60194360
0.86897837 0.61858770
0.88185194 0.58405968
0.86409011 0.61179282
0.85673251 0.61199708
0.86359500 0.62814196
0.85606574 0.59509419
0.86494682 0.59151492
0.88207932 0.57134782
0.86861550 0.57722870
0.90960326 0.56964919
0.85984955 0.58097678
0.87091543 0.55771595
0.91963369 0.55510846
0.94079912 0.56690169
0.91540236 0.55075958
0.92528240 0.54508327
0.92102282 0.54064390
0.94835555 0.55419463
0.92617237 0.53484163
0.93085145 0.53636884
0.96239933 0.54666189
0.93224671 0.52505050
0.97499068 0.53519617
0.93462368 0.52174019
0.97793482 0.51965458
0.97592093 0.49753632
0.92939625 0.50904066
0.93202765 0.50801322
0.97110968 0.48444948
0.96086005 0.47659447
0.92688081 0.49831867
0.92452474 0.50474483
0.94132578 0.46980731
0.90796067 0.49547887
0.92428213 0.47124994
0.56091660 0.47413448
0.54975277 0.46630684
0.55772332 0.45985918
0.46667045 0.64333178
0.46864013 0.64366600
0.46984247 0.64348424
0.48131743 0.64319726
0.46864013 0.64366600
0.46667045 0.64333178
0.47240267 0.64355020
0.46984247 0.64348424
0.47026394 0.64334279
0.47909882 0.64336100
0.47853060 0.64358754
0.48572175 0.64336213
0.48605808 0.64372825
0.49326791 0.64336390
0.49313317 0.64388911
0.50000000 0.64333797
0.50000000 0.64385484
0.43294896 0.45025825
0.43833107 0.45031875
0.43430639 0.45660335
0.44219596 0.45978713
0.43833107 0.45031875
0.43036390 0.46862830
0.43896287 0.47414810
0.43134495 0.48354536
0.42657689 0.46770836
0.42488303 0.47083553
0.44752260 0.45152985
0.45014067 0.46632972
0.44484690 0.48698014
0.41958834 0.49148834
0.41058768 0.48921921
0.43536852 0.49828407
0.41163284 0.49592374
0.39848863 0.49491365
0.42470977 0.50712591
0.39510713 0.50323133
0.38715146 0.49474934
0.41161397 0.51339182
0.37913007 0.50564470
0.37240341 0.49306261
0.39612306 0.51807591
0.36162239 0.50672894
0.35547296 0.49187513
0.37876228 0.52123431
0.34825603 0.50492071
0.34354900 0.48600384
0.36039954 0.52217701
0.33615445 0.50154300
0.33175835 0.48234721
0.34112293 0.52027630
0.41139983 0.52618292
0.39595721 0.53081084
0.37717591 0.53484241
0.35768712 0.53747890
0.42542030 0.51988497
0.43970709 0.51189461
0.45444374 0.49685794
0.45933032 0.46798994
0.45830706 0.44928983
0.42957107 0.53252236
0.44264748 0.52646551
0.45660632 0.51971993
0.41294691 0.53817116
0.39742265 0.54289640
0.37703970 0.54886889
0.47179333 0.51518302
0.45855424 0.53597839
0.44483519 0.54034818
0.43062682 0.54510719
0.41427911 0.55078474
0.39789570 0.55483060
0.47038838 0.49517850
0.46205698 0.54863892
0.44901459 0.55376399
0.43558079 0.55894142
0.41953692 0.56518786
0.47208828 0.53349191
0.37887419 0.55980631
0.40444588 0.56975143
0.35707248 0.55260034
0.33688207 0.53767775
0.32453015 0.51257446
0.32967933 0.49844044
0.31870989 0.49056696
0.32503484 0.47289250
0.31312209 0.50404005
0.31605357 0.53300177
0.33404125 0.55246726
0.35962940 0.56377884
0.31492382 0.48820237
0.31730729 0.46673531
0.30724529 0.46166109
0.31162752 0.45245155
0.30804315 0.44503720
0.30115156 0.52228421
0.31164533 0.54779844
0.28871461 0.53580066
0.31177815 0.48954351
0.31149986 0.48548885
0.30311341 0.46531582
0.30797194 0.44562258
0.33677577 0.56606367
0.29084567 0.49944470
0.28442328 0.47256989
0.30618087 0.44063428
0.31263015 0.44240257
0.28648162 0.46524621
0.29245218 0.44109003
0.31444703 0.43137709
0.31849669 0.43745084
0.28291966 0.44400138
0.32634387 0.42210338
0.33220398 0.43105704
0.34042788 0.41969192
0.34746405 0.43012922
0.35678439 0.41920611
0.36191307 0.42977768
0.37612181 0.41897585
0.37955537 0.43014170
0.39583488 0.42088455
0.39643884 0.43188793
0.41371062 0.42494132
0.41337236 0.43657947
0.42425636 0.44224776
0.32300023 0.41105495
0.34067718 0.40031449
0.35804017 0.39988192
0.38450041 0.40044125
0.40460260 0.40488080
0.38841427 0.38036769
0.36234000 0.38134155
0.42148770 0.41288307
0.33978265 0.38163086
0.30942409 0.42081483
0.35790241 0.36074773
0.40884800 0.38007920
0.31923176 0.38248714
0.29752531 0.43188381
0.29478427 0.38807115
0.27971400 0.41749540
0.33295798 0.36275335
0.30481680 0.36574684
0.28133931 0.37291275
0.26068854 0.40652202
0.33783358 0.31935531
0.30615084 0.32655466
0.26238981 0.43802437
0.27489694 0.34487317
0.26272667 0.45932852
0.26922047 0.47734748
0.27663283 0.50493604
0.27503815 0.29246291
0.24725750 0.34128865
0.22167978 0.40020954
0.22757072 0.43122490
0.23620475 0.46066501
0.24506799 0.48825696
0.30900532 0.29130468
0.23934981 0.29187099
0.21139237 0.34314636
0.27346957 0.24421200
0.17598959 0.43756058
0.18493868 0.47173829
0.19399202 0.50369956
0.16971692 0.40553311
0.34107695 0.29063994
0.31887643 0.23953766
0.36823941 0.31758870
0.39135158 0.36041538
0.14155159 0.48024639
0.12394758 0.44574395
0.09508850 0.41243598
0.15524102 0.51271998
0.16245372 0.34602812
0.20642205 0.29247826
0.23533829 0.24846913
0.27039189 0.20001623
0.12205012 0.48517277
0.13673930 0.51786233
0.09540047 0.45415159
0.15875080 0.29231762
0.20115084 0.25213146
0.09696588 0.34565657
0.10150708 0.48687200
0.07193755 0.45578799
0.12174474 0.52451714
0.06445432 0.45343120
0.07344528 0.43236306
0.06409978 0.42370747
0.06168039 0.39876169
0.06323756 0.34240923
0.09957294 0.28936549
0.06419216 0.28312372
0.15839148 0.25413080
0.10111658 0.22266928
0.06950585 0.22515207
0.07478773 0.19046908
0.10340273 0.18790026
0.15521054 0.21977897
0.15578101 0.18577150
0.19760071 0.21377550
0.19557388 0.17859423
0.22945821 0.16925516
0.23253541 0.20715188
0.26618487 0.15898750
0.31536705 0.19201265
0.30808603 0.14896005
0.35668883 0.18593979
0.36016902 0.23595967
0.40655558 0.23234379
0.37242290 0.28981624
0.43475202 0.29031780
0.40053693 0.31831169
0.40401953 0.28921967
0.43018510 0.31976303
0.42579483 0.36835074
0.46638498 0.34955255
0.42684317 0.39480386
0.46816933 0.37276957
0.43948239 0.37979913
0.43194777 0.42331304
0.47649414 0.40393101
0.45627892 0.40650566
0.44278062 0.41442749
0.43020479 0.43567649
0.48087976 0.42463328
0.44231131 0.43709245
0.43502861 0.44151219
0.43055555 0.44802916
0.43294896 0.45025825
0.45276614 0.42994376
0.46410126 0.42659430
0.46881675 0.44726164
0.48259329 0.44411514
0.47037705 0.46729458
0.49996360 0.44310259
0.48414422 0.46610236
0.48539816 0.49468757
0.51578650 0.46607552
0.49996508 0.46572537
0.51456463 0.49466037
0.48728543 0.51529813
0.49958181 0.49425491
0.51266399 0.51531418
0.48857665 0.53187690
0.49935796 0.51588740
0.49997014 0.53293602
0.51136886 0.53188179
0.49996601 0.54217487
0.48906801 0.54290832
0.51086588 0.54290071
0.47553493 0.54604886
0.46694384 0.56095565
0.52441989 0.54606158
0.53301808 0.56096202
0.49915723 0.54974926
0.47939932 0.55618147
0.45466417 0.56759996
0.52056130 0.55618903
0.54527863 0.56760170
0.50846553 0.55095872
0.49148965 0.55097200
0.47440236 0.57476601
0.52553278 0.57475967
0.51529155 0.56547179
0.49914774 0.55573525
0.49914774 0.55573525
0.48465300 0.56548898
0.50665747 0.55794766
0.49330258 0.55798808
0.50259624 0.55943896
0.49989837 0.56030289
0.51116900 0.56984459
0.52038631 0.58037485
0.49681785 0.56038169
0.48878472 0.56984509
0.53686089 0.58207653
0.47955957 0.58035330
0.55782000 0.57329428
0.46305335 0.58206271
0.57380952 0.57943109
0.44212240 0.57327572
0.58874584 0.58371474
0.42612503 0.57938788
0.41118344 0.58366612
0.56537720 0.59595612
0.57978206 0.60147859
0.54961191 0.58665231
0.52750514 0.59029686
0.60704899 0.58935055
0.59682395 0.60782294
0.61460204 0.57479926
0.63339196 0.57932879
0.62493174 0.59460363
0.65693337 0.58399274
0.61458170 0.61177041
0.64869731 0.60184477
0.63721315 0.62167016
0.58302444 0.62486611
0.59996968 0.63148090
0.56925083 0.61699699
0.62393532 0.64676913
0.56998746 0.63605180
0.55740998 0.60959168
0.53813922 0.60129315
0.65798744 0.63073836
0.64012289 0.65482427
0.67093572 0.60823183
0.67978424 0.58698390
0.68648599 0.56585544
0.70493994 0.56401619
0.69893050 0.58870575
0.68784090 0.61122919
0.67263142 0.63431192
0.70719825 0.61749375
0.72124169 0.59289860
0.73227499 0.56782548
0.74213520 0.54141673
0.74989404 0.51592820
0.79835252 0.52911266
0.79117487 0.55583736
0.78224100 0.58477988
0.77101696 0.61238322
0.83659705 0.54104134
0.83356759 0.57017247
0.85215605 0.54803897
0.75533933 0.63975812
0.84876774 0.57620959
0.86413781 0.55427130
0.87810065 0.54157979
0.87590656 0.54982289
0.84923433 0.60101020
0.85673251 0.61199708
0.83232294 0.60633266
0.85399128 0.61988031
0.86359500 0.62814196
0.86052832 0.63185616
0.85632764 0.63987965
0.84690599 0.63177953
0.84128200 0.65620579
0.81733845 0.63684773
0.83253288 0.64886460
0.83135909 0.67009845
0.82242148 0.66370126
0.81803360 0.68388832
0.79733643 0.67130365
0.81088027 0.67695644
0.79684088 0.70090186
0.78593265 0.69956836
0.76404117 0.72188484
0.76935766 0.69207081
0.75196296 0.71308910
0.73426422 0.66497377
0.73571850 0.70912035
0.68768224 0.64172360
0.70867662 0.68654799
0.65181733 0.65815309
0.66906435 0.66374500
0.62311204 0.67522563
0.60643871 0.66597197
0.57972352 0.65347827
0.69727357 0.72115773
0.68053698 0.70548548
0.64741099 0.68410441
0.63206954 0.67818161
0.60368895 0.69063715
0.59025846 0.68130182
0.71743656 0.72560126
0.73312607 0.73174460
0.65993762 0.73134620
0.64484817 0.72138820
0.62760336 0.70647378
0.61164842 0.69495217
0.67790937 0.73689886
0.68564591 0.73986276
0.74309452 0.76494207
0.79237922 0.73336778
0.79684088 0.70090186
0.83172747 0.69789560
0.81803360 0.68388832
0.83135909 0.67009845
0.84817739 0.67498804
0.84128200 0.65620579
0.86483204 0.64824130
0.85632764 0.63987965
0.87123384 0.63876794
0.86052832 0.63185616
0.86359500 0.62814196
0.87690300 0.63311796
0.68722816 0.79681774
0.90720238 0.60962326
0.86897837 0.61858770
0.89031114 0.60580661
0.93846337 0.62120877
0.90303501 0.59833867
0.93025324 0.59436602
0.92139196 0.58746246
0.97601532 0.58849251
0.94588913 0.56989066
0.94144877 0.56795111
0.95156625 0.55659726
0.95905530 0.55260243
0.96051419 0.54527712
0.98503721 0.52281082
0.97488998 0.53368449
0.96726470 0.53202650
0.97056998 0.51695689
0.97944090 0.51809310
0.97330921 0.49733061
0.97456896 0.49352054
0.96967396 0.48507683
0.97433551 0.47662808
0.96918270 0.48489924
0.96116312 0.47607217
0.95998249 0.47663170
0.93770165 0.46115134
0.93787546 0.45789728
0.93550599 0.45342096
0.92246379 0.46145872
0.92795304 0.45585989
0.89847812 0.48685782
0.93550599 0.45342096
0.45014067 0.46632972
0.43896287 0.47414810
0.44219596 0.45978713
0.56470921 0.47266536
0.57199608 0.46565676
0.57075989 0.46225017
0.57002240 0.45194039
0.56470921 0.47266536
0.56495728 0.45331605
0.57020574 0.45164093
0.56495728 0.45331605
0.57002240 0.45194039
0.43535510 0.47268558
0.42919705 0.46219306
0.42794292 0.46565605
0.43535510 0.47268558
0.42993025 0.45195812
0.43506498 0.45323509
0.43506498 0.45323509
0.42974608 0.45166493
0.42993025 0.45195812
0.49973327 0.64291983
0.50436484 0.64290974
0.49982618 0.64290833
0.50367804 0.64292528
0.50831877 0.64292179
0.50843065 0.64291388
0.51369661 0.64294569
0.51307016 0.64292632
0.51667322 0.64297542
0.51577256 0.64293968
0.52385128 0.64301812
0.52512349 0.64297999
0.53753299 0.64435790
0.52512349 0.64297999
0.53650368 0.64319098
0.50671703 0.64336397
0.49973327 0.64291983
0.50000000 0.64333797
0.50367804 0.64292528
0.51426403 0.64336228
0.50831877 0.64292179
0.52087824 0.64336118
0.51369661 0.64294569
0.51667322 0.64297542
0.52968578 0.64334385
0.53332049 0.64333190
0.52385128 0.64301812
0.51872989 0.64319835
0.53753299 0.64435790
0.52299102 0.64340288
0.52083215 0.64393016
0.53338850 0.64369803
0.52299102 0.64340288
0.51872989 0.64319835
0.53545355 0.64446814
0.53545355 0.64446814
0.52083215 0.64393016
0.52299102 0.64340288
0.53335130 0.64587367
0.52278601 0.64362020
0.53753299 0.64435790
0.53288368 0.64499870
0.52075125 0.64376635
0.52809311 0.64518940
0.51646726 0.64334547
0.52055579 0.64412898
0.51335124 0.64918669
0.53568560 0.66162355
0.53753299 0.64435790
0.51045223 0.64778796
0.51114185 0.64334750
0.51378349 0.64405230
0.50561551 0.64336142
0.50679965 0.64408209
0.50000000 0.64333328
0.50000000 0.64393502
0.50609757 0.64344519
0.50561551 0.64336142
0.49998789 0.64343877
0.50000000 0.64333328
0.49898768 0.64346954
0.50601000 0.64346920
0.50952001 0.64346852
0.51068250 0.64346809
0.51335124 0.64918669
0.52458723 0.64340450
0.53568560 0.66162355
0.53650368 0.64319098
0.50000022 0.64318518
0.49982618 0.64290833
0.50436484 0.64290974
0.50843065 0.64291388
0.51307016 0.64292632
0.51577256 0.64293968
0.52512349 0.64297999
0.53650368 0.64319098
0.52458723 0.64340450
0.51068250 0.64346809
0.50952001 0.64346852
0.50601000 0.64346920
0.49898768 0.64346954
0.94079912 0.56690169
0.93188111 0.56240774
0.91167823 0.57437977
0.94016241 0.55011977
0.94835555 0.55419463
0.95543316 0.54517454
0.96239933 0.54666189
0.97499068 0.53519617
0.96544258 0.53058479
0.97793482 0.51965458
0.96740326 0.51626386
0.97592093 0.49753632
0.96540637 0.49993411
0.97110968 0.48444948
0.95822690 0.48835296
0.95265045 0.48271514
0.96086005 0.47659447
0.93191952 0.48040237
0.94132578 0.46980731
0.92157363 0.48558462
0.92428213 0.47124994
0.91081670 0.49273823
0.90796067 0.49547887
0.90423916 0.50252911
0.90254775 0.50673612
0.89916770 0.51469417
0.90088948 0.51306320
0.90799768 0.53137270
0.90649902 0.53141444
0.91574570 0.53662239
0.91804440 0.53632011
0.93369881 0.53975416
0.90796067 0.49547887
0.92452474 0.50474483
0.94231201 0.50634703
0.92939625 0.50904066
0.93384991 0.51335157
0.93224671 0.52505050
0.93301457 0.52891308
0.92617237 0.53484163
0.93369881 0.53975416
0.92579866 0.54461341
0.92102282 0.54064390
0.91540236 0.55075958
0.91721979 0.55332587
0.90960326 0.56964919
0.91609545 0.57705233
0.89272456 0.58186673
0.88207932 0.57134782
0.87156148 0.58027243
0.86861550 0.57722870
0.94231201 0.50634703
0.90254775 0.50673612
0.90796067 0.49547887
0.89916770 0.51469417
0.93384991 0.51335157
0.90799768 0.53137270
0.93301457 0.52891308
0.91574570 0.53662239
0.93369881 0.53975416
0.93369881 0.53975416
0.92579866 0.54461341
0.91804440 0.53632011
0.91037037 0.54528967
0.91721979 0.55332587
0.90504288 0.53497831
0.90649902 0.53141444
0.90088948 0.51306320
0.89089031 0.52350425
0.89089031 0.52350425
0.88057613 0.52543287
0.87824458 0.52450878
0.89243153 0.52135708
0.90504288 0.53497831
0.90725054 0.53025675
0.91037037 0.54528967
0.91106211 0.54341569
0.91721979 0.55332587
0.89243153 0.52135708
0.87876927 0.54068037
0.88057613 0.52543287
0.90725054 0.53025675
0.89909307 0.55758751
0.91106211 0.54341569
0.87593739 0.55147668
0.91721979 0.55332587
0.91609545 0.57705233
0.87158015 0.55842518
0.89272456 0.58186673
0.87156148 0.58027243
0.88057613 0.52543287
0.87876927 0.54068037
0.87824458 0.52450878
0.87810065 0.54157979
0.87158015 0.55842518
0.87156148 0.58027243
0.86861550 0.57722870
0.87091543 0.55771595
0.87593739 0.55147668
0.87590656 0.54982289
0.87810065 0.54157979
0.87876927 0.54068037
0.67850884 0.47355185
0.67052754 0.48031835
0.67048572 0.48058574
0.67928934 0.47071159
0.68345373 0.46755572
0.68389276 0.47288384
0.68834757 0.45250765
0.68945407 0.45004330
0.69171509 0.44525184
0.68945407 0.45004330
0.69196544 0.44502749
0.66746617 0.48472842
0.67048572 0.48058574
0.67052754 0.48031835
0.66786253 0.48467404
0.65576430 0.48803551
0.65546399 0.48775561
0.63874570 0.49321456
0.63879789 0.49321595
0.62050931 0.49284636
0.61961158 0.49643407
0.60218097 0.49647845
0.60281703 0.49779270
0.58844139 0.49261668
0.58942045 0.48926017
0.57570709 0.47285404
0.57509938 0.47078148
0.57400594 0.46764182
0.57336687 0.46775087
0.57199608 0.46565676
0.56948237 0.46867022
0.57075989 0.46225017
0.56563684 0.45665549
0.57002240 0.45194039
0.56696508 0.45025687
0.57020574 0.45164093
0.57002240 0.45194039
0.56938017 0.44803448
0.57352683 0.44287633
0.57482293 0.44254752
0.58316104 0.43544812
0.58653209 0.43662991
0.59983768 0.43103191
0.60345393 0.43188757
0.61938233 0.42782338
0.62030580 0.43012229
0.63809976 0.42634150
0.63803160 0.42974437
0.65287035 0.42732081
0.65247696 0.43010926
0.66693650 0.43048509
0.66772854 0.43106310
0.68149551 0.43743696
0.68082644 0.43706904
0.68732549 0.44238020
0.68606378 0.44184694
0.69196544 0.44502749
0.69171509 0.44525184
0.06212758 0.45794022
0.02562219 0.47667790
0.06445432 0.45343120
0.04001055 0.47666088
0.03079058 0.48492227
0.02543381 0.49354650
0.01499595 0.52280451
0.03880638 0.47604921
0.03028728 0.48508044
0.06225389 0.46119330
0.02675424 0.49736265
0.07750593 0.46144432
0.07193755 0.45578799
0.10150708 0.48687200
0.06445432 0.45343120
0.02057350 0.51810901
0.02940636 0.51695865
0.02513244 0.53367676
0.03269056 0.53203419
0.03940197 0.54530533
0.04092757 0.55261323
0.04836012 0.55662968
0.02396316 0.58850532
0.05410077 0.56989790
0.05849999 0.56799786
0.07856013 0.58750859
0.06960388 0.59452008
0.06137589 0.62137295
0.09684166 0.59838501
0.09255704 0.60996014
0.10961524 0.60582828
0.13081887 0.61851809
0.12301310 0.63312707
0.13637608 0.62814141
0.12873831 0.63875242
0.13945988 0.63185346
0.14369113 0.63986356
0.13511776 0.64823755
0.15865720 0.65617482
0.15176324 0.67498373
0.16859272 0.67008564
0.16825984 0.69794811
0.18193295 0.68386549
0.20312820 0.70087216
0.20761901 0.73337049
0.23592690 0.72187318
0.25689991 0.76492113
0.26684085 0.73173192
0.31429915 0.73985393
0.31277213 0.79681214
0.24799061 0.71307351
0.28251399 0.72558429
0.21400385 0.69953823
0.20312820 0.70087216
0.18906721 0.67692256
0.18193295 0.68386549
0.17753023 0.66363134
0.16859272 0.67008564
0.20263013 0.67126773
0.23059030 0.69203052
0.16742735 0.64882429
0.15865720 0.65617482
0.18266719 0.63677718
0.15310143 0.63171929
0.14369113 0.63986356
0.14600249 0.61987807
0.13945988 0.63185346
0.13637608 0.62814141
0.14321749 0.61201117
0.16771459 0.60630364
0.15073605 0.60099910
0.14388683 0.59508773
0.22898057 0.61237724
0.21775977 0.58477612
0.16648725 0.57017017
0.15120679 0.57620484
0.24464782 0.63974213
0.26775120 0.56782215
0.27877600 0.59289244
0.26570295 0.66494813
0.29281952 0.61749985
0.26422369 0.70909322
0.29128313 0.68653257
0.30265978 0.72112365
0.31228108 0.64168318
0.32201168 0.73687005
0.35267661 0.74667578
0.38697744 0.75212224
0.36930902 0.82465348
0.35862907 0.74302094
0.33997220 0.73130194
0.31940161 0.70545231
0.33085365 0.66369044
0.42355600 0.75835388
0.39613722 0.74759845
0.37375308 0.73786841
0.35506340 0.72133946
0.35249154 0.68405172
0.34809062 0.65812962
0.45579623 0.76429484
0.49998136 0.84407562
0.49997837 0.76883792
0.43119810 0.75270372
0.40635488 0.74233278
0.38476518 0.73435095
0.37230643 0.70643832
0.48863715 0.75955883
0.49998599 0.76101894
0.46159943 0.75507154
0.43917634 0.74719072
0.40770436 0.73758153
0.48877158 0.75389626
0.50000005 0.75678353
0.46687479 0.75038221
0.39891371 0.72106032
0.49173315 0.75207240
0.49914951 0.75268743
0.41887044 0.72792508
0.46957855 0.74521345
0.44742321 0.73759667
0.49036464 0.74595404
0.49911654 0.74883527
0.46992924 0.73789769
0.45213427 0.72849317
0.43015094 0.71854753
0.41074116 0.70948209
0.47167307 0.73237365
0.45365537 0.72236059
0.43480777 0.71262880
0.38824977 0.69490930
0.45801508 0.71253017
0.41751160 0.70409766
0.36782884 0.67816007
0.39621738 0.69059753
0.44347346 0.70122440
0.37681171 0.67522544
0.47226962 0.72082157
0.46433375 0.69818530
0.49012482 0.73908053
0.49998478 0.74203230
0.50957691 0.74597102
0.49914951 0.75268743
0.50819561 0.75209400
0.50000005 0.75678353
0.51115988 0.75391166
0.49998599 0.76101894
0.51128157 0.75958032
0.49997837 0.76883792
0.54415686 0.76429399
0.49998136 0.84407562
0.63067383 0.82465868
0.49996597 0.72633801
0.50983015 0.73908568
0.48897935 0.72564705
0.53036497 0.74524575
0.53307045 0.75040574
0.53001947 0.73791306
0.52826628 0.73238462
0.54778194 0.72851418
0.53836528 0.75507924
0.55251006 0.73763597
0.56076476 0.74722291
0.56875753 0.75271937
0.57640141 0.75835029
0.61296168 0.75211948
0.60379297 0.74761596
0.64727100 0.74667662
0.64130687 0.74304180
0.62616628 0.73791012
0.59356445 0.74237465
0.61512621 0.73439092
0.59221598 0.73760988
0.60098735 0.72111503
0.58104076 0.72796225
0.58914216 0.70954032
0.56973243 0.71858711
0.58236128 0.70415552
0.54625561 0.72237393
0.56506955 0.71267764
0.54118787 0.71277432
0.55639091 0.70125250
0.57100405 0.69286410
0.52766097 0.72080681
0.53555449 0.69816104
0.57035903 0.67263777
0.54809819 0.68746124
0.51095911 0.72564053
0.49996406 0.71067472
0.51129255 0.70877835
0.48862978 0.70878017
0.56835470 0.65373679
0.52445612 0.70424281
0.49996691 0.69320203
0.47441690 0.70471542
0.50968531 0.69091788
0.52190361 0.68893045
0.49025539 0.69090877
0.49950142 0.67675764
0.47802217 0.68893226
0.53101626 0.68539280
0.50886770 0.67604363
0.49953355 0.67065126
0.49108007 0.67604916
0.51886194 0.67432910
0.50842627 0.67096577
0.46886421 0.68540347
0.48106520 0.67433654
0.49152312 0.67095835
0.45178350 0.68743419
0.42747771 0.69455811
0.40961445 0.68128903
0.39343398 0.66596575
0.42956847 0.67257158
0.44124727 0.67988729
0.42024204 0.65341967
0.37595454 0.64675471
0.39737766 0.62919527
0.35977876 0.65480584
0.32730939 0.63429781
0.44713677 0.67579560
0.43872536 0.66690837
0.43153423 0.65380574
0.42990425 0.63608724
0.45754756 0.68061988
0.34191852 0.63073099
0.31212972 0.61123891
0.30105306 0.58871694
0.36267424 0.62167208
0.32899078 0.60824509
0.29505861 0.56401104
0.38533401 0.61173613
0.35119697 0.60185691
0.32016853 0.58700778
0.37499847 0.59458479
0.34298518 0.58401239
0.36654078 0.57931874
0.31348520 0.56588667
0.25787658 0.54139756
0.38532590 0.57475630
0.39287942 0.58931679
0.40307824 0.60776139
0.25010569 0.51592239
0.20883701 0.55584744
0.20165619 0.52912020
0.16344757 0.54102790
0.14781208 0.54802138
0.14010165 0.58093286
0.13587366 0.55424280
0.12194113 0.54159303
0.12412602 0.54979407
0.12906292 0.55773812
0.13126012 0.57717787
0.13489203 0.59146124
0.13572075 0.61170646
0.14321749 0.61201117
0.11802862 0.58414263
0.11775603 0.57150375
0.13081887 0.61851809
0.13637608 0.62814141
0.11495946 0.60192221
0.10961524 0.60582828
0.10284362 0.59426361
0.09684166 0.59838501
0.08832040 0.57439481
0.09039241 0.56964888
0.08463544 0.57973971
0.07856013 0.58750859
0.06797899 0.56246841
0.05849999 0.56799786
0.05976222 0.55016304
0.04836012 0.55662968
0.04452315 0.54519162
0.03940197 0.54530533
0.03458432 0.53061424
0.03269056 0.53203419
0.03264106 0.51631845
0.02940636 0.51695865
0.03462272 0.49999311
0.02675424 0.49736265
0.04175837 0.48837347
0.03028728 0.48508044
0.03880638 0.47604921
0.04733424 0.48272604
0.06225389 0.46119330
0.06807768 0.48032076
0.07750593 0.46144432
0.07840020 0.48550638
0.08917568 0.49271690
0.10150708 0.48687200
0.09577889 0.50254553
0.10914177 0.52356990
0.09909822 0.51307686
0.09497180 0.53498315
0.09290981 0.53197617
0.08194485 0.53630766
0.08961440 0.54535752
0.07407005 0.54475804
0.06554763 0.54047481
0.08273005 0.55337269
0.49561753 0.64290975
0.49973327 0.64291983
0.49982618 0.64290833
0.49573405 0.64291984
0.49162481 0.64292184
0.49155169 0.64291391
0.48625474 0.64294576
0.48690922 0.64292641
0.48330020 0.64297575
0.48421866 0.64293972
0.47612055 0.64301764
0.47487590 0.64297999
0.47487590 0.64297999
0.46243106 0.64436442
0.46349104 0.64319097
0.49973327 0.64291983
0.49326791 0.64336390
0.50000000 0.64333797
0.49573405 0.64291984
0.48572175 0.64336213
0.49162481 0.64292184
0.47909882 0.64336100
0.48625474 0.64294576
0.48330020 0.64297575
0.47026394 0.64334279
0.46667045 0.64333178
0.47612055 0.64301764
0.48131743 0.64319726
0.46243106 0.64436442
0.47685156 0.64340894
0.47681919 0.64497045
0.47685156 0.64340894
0.46864013 0.64366600
0.48131743 0.64319726
0.46440334 0.64448550
0.47681919 0.64497045
0.46440334 0.64448550
0.47685156 0.64340894
0.46656444 0.64594546
0.47708252 0.64362726
0.46243106 0.64436442
0.46683088 0.64550392
0.47923471 0.64376605
0.47188346 0.64521458
0.48352880 0.64334539
0.47879056 0.64428575
0.48661983 0.64921339
0.46422584 0.66171530
0.46243106 0.64436442
0.48951707 0.64781454
0.48887412 0.64334666
0.48621772 0.64405550
0.49437962 0.64336121
0.49320091 0.64408287
0.50000000 0.64333328
0.50000000 0.64393502
0.49385975 0.64344519
0.49437962 0.64336121
0.49998789 0.64343877
0.50000000 0.64333328
0.49898768 0.64346954
0.49396405 0.64346920
0.49045858 0.64346852
0.48930536 0.64346808
0.48661983 0.64921339
0.47540519 0.64340447
0.46422584 0.66171530
0.46349104 0.64319097
0.49561753 0.64290975
0.49982618 0.64290833
0.50000022 0.64318518
0.49155169 0.64291391
0.48690922 0.64292641
0.48421866 0.64293972
0.47487590 0.64297999
0.46349104 0.64319097
0.47540519 0.64340447
0.48930536 0.64346808
0.49045858 0.64346852
0.49396405 0.64346920
0.49898768 0.64346954
0.52746729 0.64319019
0.52870679 0.64308451
0.52922142 0.64317963
0.52667623 0.64313466
0.52314509 0.64319987
0.52326637 0.64311104
0.51639920 0.64315049
0.51684715 0.64320720
0.50855343 0.64315507
0.50822844 0.64320892
0.50000029 0.64315443
0.50000036 0.64320970
0.49177280 0.64320892
0.49144345 0.64315510
0.48314859 0.64320719
0.48359959 0.64315062
0.47684891 0.64320321
0.47673071 0.64311110
0.47331976 0.64313477
0.47252528 0.64319939
0.47129041 0.64308466
0.47077568 0.64319705
0.52943946 0.64317627
0.52486880 0.64334164
0.52632597 0.64332899
0.52751587 0.64318979
0.52164867 0.64334901
0.52306653 0.64319969
0.51691358 0.64320663
0.51613028 0.64336228
0.50839317 0.64320871
0.50812724 0.64337517
0.49985991 0.64321037
0.49985982 0.64337624
0.49186723 0.64337518
0.49160053 0.64320871
0.48386295 0.64336225
0.48308068 0.64320664
0.47834630 0.64335156
0.47692966 0.64320285
0.47248124 0.64319916
0.47512676 0.64334930
0.47055609 0.64319737
0.47367192 0.64334763
0.52710562 0.64334744
0.52943946 0.64317627
0.52909800 0.64333149
0.52751587 0.64318979
0.52316330 0.64335703
0.52306653 0.64319969
0.51691358 0.64320663
0.51648780 0.64336652
0.50839317 0.64320871
0.50808821 0.64337225
0.49985991 0.64321037
0.49994447 0.64337238
0.49190651 0.64337235
0.49160053 0.64320871
0.48332408 0.64336546
0.48308068 0.64320664
0.47681080 0.64336046
0.47692966 0.64320285
0.47248124 0.64319916
0.47287366 0.64335697
0.47055609 0.64319737
0.47088515 0.64335311
0.52645213 0.64312370
0.52922142 0.64317963
0.52843232 0.64307209
0.52746729 0.64319019
0.52324571 0.64310029
0.52314509 0.64319987
0.51777063 0.64313284
0.51684715 0.64320720
0.50822844 0.64320892
0.50925848 0.64313627
0.49833680 0.64315577
0.50000036 0.64320970
0.49177280 0.64320892
0.49073342 0.64313621
0.48222091 0.64313298
0.48314859 0.64320719
0.47684891 0.64320321
0.47675162 0.64310039
0.47252528 0.64319939
0.47354085 0.64312377
0.47077568 0.64319705
0.47156213 0.64307226
0.47584898 0.64298588
0.47596660 0.64298486
0.47607412 0.64298461
0.47575678 0.64298589
0.47593016 0.64298487
0.47558054 0.64298731
0.47582846 0.64298527
0.47543785 0.64298743
0.47571574 0.64298556
0.47509789 0.64298981
0.47553094 0.64298637
0.47530362 0.64298780
0.47496555 0.64299001
0.47037577 0.64304350
0.47034279 0.64304397
0.47003974 0.64304918
0.47017494 0.64304646
0.46935474 0.64306078
0.46914584 0.64306421
0.36871212 0.64278361
0.63111034 0.64278585
0.53084893 0.64306412
0.53063996 0.64306069
0.52981692 0.64304631
0.52965015 0.64304384
0.52995357 0.64304906
0.52503722 0.64299003
0.52457896 0.64298681
0.52469750 0.64298781
0.52490121 0.64298982
0.52446931 0.64298637
0.52456080 0.64298743
0.52428271 0.64298556
0.52441489 0.64298729
0.52416842 0.64298526
0.52423947 0.64298587
0.52406583 0.64298485
0.52414592 0.64298585
0.52402902 0.64298483
0.52392090 0.64298458
0.52762729 0.64353683
0.53058452 0.64410703
0.53000445 0.64355896
0.52879248 0.64426115
0.53463569 0.64491353
0.52148933 0.64358328
0.52916984 0.64472151
0.54059491 0.64360368
0.52256000 0.64513605
0.51394692 0.64372588
0.51421894 0.64664732
0.50686755 0.64388936
0.52216450 0.64605707
0.50803410 0.64869128
0.50000000 0.64385484
0.53539249 0.64218645
0.51598788 0.64913736
0.52751806 0.64209318
0.49997298 0.65048552
0.50800659 0.65013765
0.51891011 0.64110319
0.49232671 0.64863634
0.49313317 0.64388911
0.48415048 0.64640191
0.48605808 0.64372825
0.47741724 0.64514621
0.47853060 0.64358754
0.47118560 0.64425995
0.47240267 0.64355020
0.46677012 0.64416743
0.46984247 0.64348424
0.46532522 0.64490925
0.47080540 0.64472692
0.45938890 0.64360841
0.47783523 0.64606019
0.48397190 0.64913169
0.46457464 0.64217514
0.49239930 0.65008534
0.47245165 0.64208211
0.49905611 0.65155959
0.47979662 0.64078746
0.51184100 0.64051424
0.48813915 0.64050606
0.49998547 0.63953598
0.46371812 0.64030740
0.47086816 0.63812747
0.47890005 0.63691626
0.48978274 0.63535362
0.48026865 0.63454565
0.45802599 0.64252570
0.47060735 0.63692607
0.46222967 0.63864947
0.46994316 0.63419578
0.49998071 0.63473769
0.48945226 0.63290492
0.47935680 0.63235067
0.51017670 0.63535281
0.51905794 0.63674265
0.52909936 0.63813048
0.51969089 0.63455228
0.51036163 0.63330482
0.49803602 0.63200885
0.53624579 0.64030613
0.48912491 0.63080530
0.52934271 0.63693549
0.54194636 0.64252224
0.53770867 0.63864546
0.52999602 0.63420357
0.52062357 0.63235422
0.51005570 0.63089738
0.49998876 0.63000824
0.52268864 0.62555345
0.53340799 0.62723408
0.51154001 0.62440710
0.53814573 0.63662515
0.54384244 0.64103146
0.54314370 0.63021502
0.54633704 0.63909035
0.48842599 0.62440873
0.49997567 0.62365172
0.47728847 0.62554454
0.46656544 0.62727451
0.47524411 0.61549316
0.48770762 0.61359924
0.46232464 0.61831990
0.51225127 0.61359792
0.49925519 0.61290880
0.52472899 0.61549443
0.53761974 0.61832081
0.54861289 0.62161826
0.47568574 0.60516960
0.46181391 0.60129286
0.48845827 0.60560285
0.52312466 0.60532616
0.56087192 0.62687887
0.51151414 0.60560667
0.51895995 0.59404609
0.56014749 0.64126263
0.55234527 0.63438759
0.49985322 0.60562519
0.51266534 0.58469675
0.50935129 0.59607832
0.55179618 0.64379430
0.55442631 0.65147273
0.50523906 0.57400087
0.50576338 0.58467414
0.49996146 0.59630723
0.54755441 0.64471053
0.56114820 0.66698040
0.54906809 0.65003784
0.54365203 0.64518438
0.49055967 0.59606603
0.55862254 0.67992401
0.55021794 0.65937729
0.55270540 0.67579694
0.54230584 0.68063373
0.54325028 0.66473362
0.54557162 0.65597995
0.53610279 0.66967556
0.54440978 0.64814071
0.54007436 0.66183519
0.52708178 0.67309022
0.54186397 0.65298834
0.54170151 0.64701719
0.53365661 0.66385925
0.51659005 0.66934936
0.54125058 0.64512851
0.53734915 0.65703261
0.53972136 0.65022146
0.54018105 0.64613918
0.54170151 0.64701719
0.53844719 0.64470608
0.53463569 0.64491353
0.53666559 0.64451447
0.53058452 0.64410703
0.53000445 0.64355896
0.53338850 0.64369803
0.53545355 0.64446814
0.53707779 0.64514556
0.53820345 0.64901369
0.53619384 0.65346450
0.53541638 0.64713944
0.53545355 0.64446814
0.53335130 0.64587367
0.53288368 0.64499870
0.53531631 0.65018528
0.53531395 0.64829514
0.52809311 0.64518940
0.53107346 0.64928201
0.52055579 0.64412898
0.53159591 0.65200804
0.52426361 0.65219989
0.51378349 0.64405230
0.53156212 0.65439982
0.51600220 0.65439366
0.50679965 0.64408209
0.52421472 0.65508973
0.53176310 0.65887508
0.50763630 0.65589096
0.50000000 0.64393502
0.51543893 0.65749468
0.52441071 0.65829775
0.52427268 0.66173186
0.51510986 0.66027205
0.50696704 0.65924315
0.49969395 0.65640609
0.52513971 0.66698503
0.51553403 0.66396896
0.50751851 0.66185408
0.50791809 0.66556522
0.49951791 0.66552456
0.49996847 0.65958807
0.49203063 0.66555552
0.49942585 0.66226311
0.49242555 0.66184423
0.49249753 0.65946615
0.48439249 0.66395809
0.49232013 0.65590364
0.49320091 0.64408287
0.48432351 0.66080594
0.48395938 0.65440320
0.48621772 0.64405550
0.48451284 0.65749523
0.47569962 0.65222181
0.47879056 0.64428575
0.47573213 0.65511220
0.47551993 0.65829372
0.46883859 0.64942107
0.47188346 0.64521458
0.46832435 0.65206478
0.46455573 0.64827480
0.46683088 0.64550392
0.46456972 0.65013393
0.46315336 0.64723846
0.46656444 0.64594546
0.46440334 0.64448550
0.46279737 0.64517661
0.46800012 0.65515471
0.46174892 0.64904004
0.46370526 0.65341178
0.46770636 0.65843497
0.46254889 0.65699155
0.46019835 0.65030322
0.47563227 0.66171869
0.46620062 0.66381611
0.47475036 0.66697000
0.48333307 0.66934533
0.47281258 0.67308820
0.46376684 0.66965487
0.45982802 0.66181324
0.45663100 0.66472501
0.45801846 0.65299870
0.45430732 0.65595459
0.44970547 0.65928396
0.44541594 0.65158050
0.45072496 0.65017698
0.45537727 0.64826406
0.45820150 0.64703030
0.43975656 0.64126353
0.44778309 0.64424072
0.45235628 0.64471009
0.45628255 0.64519377
0.45869379 0.64513463
0.45956890 0.64667549
0.45820150 0.64703030
0.46136671 0.64476930
0.46294232 0.64455512
0.46440334 0.64448550
0.46864013 0.64366600
0.46984247 0.64348424
0.46677012 0.64416743
0.46532522 0.64490925
0.45610529 0.64103402
0.46179083 0.63663450
0.45358217 0.63909715
0.45680208 0.63024472
0.44758028 0.63441232
0.43898845 0.62690651
0.45133967 0.62166403
0.43061521 0.61697607
0.44248850 0.60952705
0.41685573 0.62483713
0.42012386 0.60141208
0.43454235 0.59589717
0.45031060 0.58663277
0.47171694 0.59060149
0.48090580 0.59401217
0.48724813 0.58461407
0.49413170 0.58468128
0.49471983 0.57400675
0.49915644 0.58414125
0.49999906 0.57435944
0.49832827 0.56349989
0.49744313 0.57463804
0.50250393 0.57461950
0.49924841 0.56915195
0.49948215 0.56949681
0.50027001 0.56782283
0.49998973 0.56101247
0.50164761 0.56346390
0.49998802 0.56146921
0.31375405 0.44193447
0.30828977 0.44527092
0.30804315 0.44503720
0.31263015 0.44240257
0.31919083 0.43706102
0.31849669 0.43745084
0.33301724 0.43047732
0.33220398 0.43105704
0.34746405 0.43012922
0.34710822 0.42733529
0.36191307 0.42977768
0.36190268 0.42633972
0.37955537 0.43014170
0.38055628 0.42769052
0.39643884 0.43188793
0.39994794 0.43103464
0.41337236 0.43657947
0.41682799 0.43545772
0.42425636 0.44224776
0.42649774 0.44287860
0.43055555 0.44802916
0.42974608 0.45166493
0.43294896 0.45025825
0.42993025 0.45195812
0.43430639 0.45660335
0.42993025 0.45195812
0.42919705 0.46219306
0.43036390 0.46862830
0.42794292 0.46565605
0.42657689 0.46770836
0.42602238 0.46755963
0.42488303 0.47083553
0.42426441 0.47293971
0.41058768 0.48921921
0.41154738 0.49263210
0.39848863 0.49491365
0.39867942 0.49144796
0.38715146 0.49474934
0.38807108 0.49418641
0.37240341 0.49306261
0.37332693 0.49280824
0.35547296 0.49187513
0.35430149 0.49143460
0.34354900 0.48600384
0.34342285 0.48591975
0.33101382 0.48198895
0.33175835 0.48234721
0.30828977 0.44527092
0.31162752 0.45245155
0.30804315 0.44503720
0.31052639 0.44999803
0.31888264 0.47006313
0.31052639 0.44999803
0.31730729 0.46673531
0.32594410 0.47399382
0.32503484 0.47289250
0.33175835 0.48234721
0.33101382 0.48198895
0.08832040 0.57439481
0.06797899 0.56246841
0.05913800 0.56695072
0.05976222 0.55016304
0.05158093 0.55423291
0.04452315 0.54519162
0.03758386 0.54666589
0.02508222 0.53516132
0.03458432 0.53061424
0.02217305 0.51965798
0.03264106 0.51631845
0.02419046 0.49762778
0.03462272 0.49999311
0.02883322 0.48444873
0.04175837 0.48837347
0.04733424 0.48272604
0.03922530 0.47670188
0.06807768 0.48032076
0.05858269 0.46989875
0.07840020 0.48550638
0.07570060 0.47135207
0.08917568 0.49271690
0.09202828 0.49548719
0.09577889 0.50254553
0.09745985 0.50675323
0.10079992 0.51466667
0.09909822 0.51307686
0.09199149 0.53137858
0.09290981 0.53197617
0.08423605 0.53663687
0.08194485 0.53630766
0.06554763 0.54047481
0.05757294 0.50641655
0.07551139 0.50474604
0.09202828 0.49548719
0.07061564 0.50910984
0.06614763 0.51335805
0.06777639 0.52508039
0.06693760 0.52896464
0.07381552 0.53484215
0.06554763 0.54047481
0.07407005 0.54475804
0.07893031 0.54068662
0.08452591 0.55083235
0.08273005 0.55337269
0.09039241 0.56964888
0.08376591 0.57721145
0.10731389 0.58168688
0.11775603 0.57150375
0.12830032 0.58009812
0.13126012 0.57717787
0.09202828 0.49548719
0.09745985 0.50675323
0.05757294 0.50641655
0.10079992 0.51466667
0.06614763 0.51335805
0.09199149 0.53137858
0.06693760 0.52896464
0.08423605 0.53663687
0.06554763 0.54047481
0.11942558 0.52543864
0.10914177 0.52356990
0.12174474 0.52451714
0.10755912 0.52136270
0.09497180 0.53498315
0.09269937 0.53019468
0.08961440 0.54535752
0.08891661 0.54343499
0.08273005 0.55337269
0.11942558 0.52543864
0.12121910 0.54069883
0.10755912 0.52136270
0.09269937 0.53019468
0.10087702 0.55759928
0.12401092 0.55145120
0.08891661 0.54343499
0.08273005 0.55337269
0.08376591 0.57721145
0.12836688 0.55841357
0.10731389 0.58168688
0.12830032 0.58009812
0.12174474 0.52451714
0.12121910 0.54069883
0.11942558 0.52543864
0.12194113 0.54159303
0.12194113 0.54159303
0.12401092 0.55145120
0.12121910 0.54069883
0.12412602 0.54979407
0.12906292 0.55773812
0.12836688 0.55841357
0.13126012 0.57717787
0.12830032 0.58009812
0.57138233 0.48714922
0.57199608 0.46565676
0.56470921 0.47266536
0.57400594 0.46764182
0.57195476 0.49439555
0.57570709 0.47285404
0.58421252 0.50140893
0.58844139 0.49261668
0.60218097 0.49647845
0.60069457 0.50481507
0.62050931 0.49284636
0.61842622 0.51019422
0.63757638 0.51171360
0.63874570 0.49321456
0.64966175 0.51169705
0.65576430 0.48803551
0.66652078 0.50791310
0.66786253 0.48467404
0.67670129 0.49830992
0.67048572 0.48058574
0.68444517 0.49016533
0.67850884 0.47355185
0.69958934 0.46913301
0.57171353 0.44039768
0.56495728 0.45331605
0.57020574 0.45164093
0.57352683 0.44287633
0.59347411 0.43499605
0.58316104 0.43544812
0.59983768 0.43103191
0.61613731 0.42199593
0.61938233 0.42782338
0.63809976 0.42634150
0.64029653 0.40859145
0.65287035 0.42732081
0.66784318 0.40813952
0.66693650 0.43048509
0.68082644 0.43706904
0.69018778 0.42035509
0.68606378 0.44184694
0.69171509 0.44525184
0.71383798 0.44508819
0.67850884 0.47355185
0.69958934 0.46913301
0.68389276 0.47288384
0.68945407 0.45004330
0.71383798 0.44508819
0.68945407 0.45004330
0.69958934 0.46913301
0.69171509 0.44525184
0.43535510 0.47268558
0.42794292 0.46565605
0.42861464 0.48723891
0.42602238 0.46755963
0.42790905 0.49435754
0.42426441 0.47293971
0.41568185 0.50141113
0.41154738 0.49263210
0.39867942 0.49144796
0.40082524 0.50581748
0.38807108 0.49418641
0.38790308 0.50770403
0.37062746 0.51197921
0.37332693 0.49280824
0.35500326 0.51222986
0.35430149 0.49143460
0.33882339 0.50798658
0.34342285 0.48591975
0.32326563 0.49834462
0.33101382 0.48198895
0.31550510 0.49016830
0.32594410 0.47399382
0.30029620 0.46907506
0.43506498 0.45323509
0.43149112 0.43816911
0.42974608 0.45166493
0.42649774 0.44287860
0.41513182 0.42593388
0.41682799 0.43545772
0.39994794 0.43103464
0.38914041 0.41618708
0.38055628 0.42769052
0.36190268 0.42633972
0.36110970 0.40897317
0.34710822 0.42733529
0.33222596 0.40817512
0.33301724 0.43047732
0.31919083 0.43706102
0.31109005 0.42107589
0.31375405 0.44193447
0.30828977 0.44527092
0.28623263 0.44500903
0.30029620 0.46907506
0.32594410 0.47399382
0.31888264 0.47006313
0.31052639 0.44999803
0.30029620 0.46907506
0.31052639 0.44999803
0.28623263 0.44500903
0.30828977 0.44527092
0.55251185 0.45165043
0.55850391 0.44686125
0.55870694 0.44697890
0.56398985 0.44117065
0.56462288 0.44144723
0.56716619 0.43838684
0.56698702 0.43865471
0.57425138 0.43521660
0.57653172 0.43019571
0.58545145 0.43019229
0.58457598 0.42297756
0.59600907 0.42705936
0.59409331 0.42023604
0.60593161 0.42434836
0.60529115 0.41739993
0.61522983 0.41472002
0.61659544 0.42333061
0.62584815 0.41326849
0.62676094 0.42341139
0.63765334 0.41312598
0.63732398 0.42300013
0.64645304 0.41306784
0.64603615 0.42358490
0.65604541 0.41385090
0.65522172 0.42461455
0.66322182 0.41455399
0.66441964 0.42488373
0.67220696 0.41560644
0.67093885 0.42831310
0.67961450 0.41775806
0.67800661 0.42856994
0.68574911 0.42264134
0.68475389 0.43225697
0.69148851 0.42455255
0.69125137 0.43415971
0.69719888 0.43722910
0.69807206 0.42761725
0.70534218 0.44163411
0.71262321 0.42585568
0.71600258 0.44494601
0.72252900 0.43098230
0.72769849 0.44773292
0.72983942 0.44585257
0.73865441 0.43496697
0.68483008 0.44125656
0.69217362 0.44512839
0.69170383 0.44517979
0.68731858 0.44232152
0.68075356 0.43686266
0.68133556 0.43759425
0.67354838 0.43753245
0.67527912 0.43511057
0.66807092 0.43088595
0.66769635 0.43272301
0.66063695 0.43361454
0.65770722 0.43250259
0.65247843 0.42984215
0.65223575 0.43072967
0.64015060 0.42978268
0.64089042 0.42995642
0.63557789 0.42933186
0.69125137 0.43415971
0.68475389 0.43225697
0.69719888 0.43722910
0.67800661 0.42856994
0.67093885 0.42831310
0.66441964 0.42488373
0.65522172 0.42461455
0.64603615 0.42358490
0.70534218 0.44163411
0.69758210 0.45254821
0.69135908 0.45584887
0.63732398 0.42300013
0.63535918 0.42961014
0.62384004 0.43032107
0.62278361 0.43003341
0.61252052 0.43112300
0.61097593 0.43012743
0.60316283 0.43192234
0.60034865 0.43123199
0.59593619 0.43417634
0.59600907 0.42705936
0.59606489 0.43316450
0.58545145 0.43019229
0.58679295 0.43800065
0.58387101 0.43603933
0.57425138 0.43521660
0.57617913 0.44140253
0.57586197 0.44216362
0.56698702 0.43865471
0.56925914 0.44254355
0.57034244 0.44304424
0.56462288 0.44144723
0.56462293 0.44532350
0.56522936 0.44850750
0.55870694 0.44697890
0.55971136 0.44898068
0.55887271 0.44894682
0.55251185 0.45165043
0.68864470 0.45186450
0.69170383 0.44517979
0.69217362 0.44512839
0.68990289 0.44902202
0.68604805 0.46466570
0.68550294 0.46385125
0.68353517 0.47356179
0.68254293 0.47006839
0.67493270 0.47346644
0.67494960 0.47349550
0.66950018 0.48224407
0.66924841 0.48243929
0.65569854 0.48757888
0.66883801 0.48284042
0.66861236 0.48313525
0.67543676 0.47327154
0.68254293 0.47006839
0.67810407 0.48688039
0.68297633 0.47338590
0.68550294 0.46385125
0.68264211 0.48017493
0.68622182 0.46647274
0.69051668 0.48114695
0.68864470 0.45186450
0.69627160 0.46447437
0.69217362 0.44512839
0.69966388 0.45284370
0.69758210 0.45254821
0.71576530 0.44841250
0.70534218 0.44163411
0.71600258 0.44494601
0.72350803 0.45088349
0.72769849 0.44773292
0.73040555 0.45167888
0.73865441 0.43496697
0.67954962 0.41556709
0.69017566 0.42103229
0.68032744 0.41696110
0.67231203 0.41347014
0.67218875 0.41383733
0.65919260 0.40805687
0.65908851 0.41033933
0.64165146 0.40958090
0.64317312 0.40969353
0.62291976 0.41042084
0.62496046 0.41185047
0.60393886 0.41101439
0.60665622 0.41415789
0.58319018 0.41284243
0.58577738 0.41670707
0.57094618 0.42042863
0.57140362 0.42236008
0.55798907 0.43459821
0.44103135 0.44681153
0.44127892 0.44670157
0.44751780 0.45163573
0.43573554 0.44090730
0.43530257 0.44141085
0.43279163 0.43834589
0.43291768 0.43869481
0.42556703 0.43521463
0.42327918 0.43011809
0.41437536 0.43014414
0.41500746 0.42282037
0.40386027 0.42701785
0.40564453 0.42016877
0.39397117 0.42431870
0.39449075 0.41737040
0.38453769 0.41478110
0.38327944 0.42334383
0.37396432 0.41335841
0.37312399 0.42343167
0.36213335 0.41318267
0.36255050 0.42302320
0.35335678 0.41314223
0.35385311 0.42359977
0.34379023 0.41395249
0.34468536 0.42464843
0.33667667 0.41468734
0.33546740 0.42493443
0.32770927 0.41574918
0.32896982 0.42837685
0.32032440 0.41770965
0.32194442 0.42860273
0.31406028 0.42263190
0.31520601 0.43225752
0.30847957 0.42457522
0.30863135 0.43436592
0.30194465 0.43856894
0.30176724 0.42780550
0.29459307 0.44182003
0.28724578 0.42566780
0.28380848 0.44511503
0.27741860 0.43117670
0.27224151 0.44781999
0.27009861 0.44597330
0.26133289 0.43495938
0.31519893 0.44124287
0.30830405 0.44520040
0.30782945 0.44513645
0.31270906 0.44230390
0.31976376 0.43727364
0.31863252 0.43758309
0.32708703 0.43698811
0.32454890 0.43517256
0.33251829 0.43234000
0.33224522 0.43273528
0.33807876 0.43045566
0.34215348 0.43257070
0.34750787 0.42986068
0.34771783 0.43075909
0.35976905 0.42979589
0.35903192 0.42996399
0.36434850 0.42938404
0.30863135 0.43436592
0.31520601 0.43225752
0.30194465 0.43856894
0.32194442 0.42860273
0.32896982 0.42837685
0.33546740 0.42493443
0.34468536 0.42464843
0.35385311 0.42359977
0.29459307 0.44182003
0.30233434 0.45264103
0.30795268 0.45897491
0.36255050 0.42302320
0.36453105 0.42965474
0.37610885 0.43033636
0.37721805 0.43008604
0.38742298 0.43112052
0.38902021 0.43014095
0.39674187 0.43191287
0.39954897 0.43123597
0.40405601 0.43415513
0.40386027 0.42701785
0.40395505 0.43311404
0.41437536 0.43014414
0.41319370 0.43800850
0.41615551 0.43601741
0.42556703 0.43521463
0.42378549 0.44140269
0.42411183 0.44215273
0.43291768 0.43869481
0.43076522 0.44251261
0.42960882 0.44304230
0.43530257 0.44141085
0.43534592 0.44532558
0.43475497 0.44850149
0.44103135 0.44681153
0.44008366 0.44893084
0.44084751 0.44885748
0.44751780 0.45163573
0.30830405 0.44520040
0.31132323 0.45179183
0.30782945 0.44513645
0.31007618 0.44897160
0.31703933 0.46068652
0.31645568 0.46135305
0.32234799 0.46942839
0.32046131 0.46867370
0.32964689 0.47823597
0.32927058 0.47938276
0.34280512 0.48428602
0.34307596 0.48417577
0.35490925 0.49040515
0.34312406 0.48449121
0.34307245 0.48483786
0.32906385 0.47980042
0.32046131 0.46867370
0.32926698 0.48030374
0.31846168 0.47076102
0.31645568 0.46135305
0.31736597 0.48048454
0.31369957 0.46660852
0.30946552 0.48111127
0.31132323 0.45179183
0.30372720 0.46444858
0.30782945 0.44513645
0.30021651 0.45274464
0.30233434 0.45264103
0.28410082 0.44836196
0.29459307 0.44182003
0.28380848 0.44511503
0.27640494 0.45092388
0.27224151 0.44781999
0.26951723 0.45170747
0.26133289 0.43495938
0.31958944 0.41700059
0.30972777 0.42100536
0.32038029 0.41556724
0.32760855 0.41354290
0.32774082 0.41388728
0.34077638 0.40820680
0.34083810 0.41042292
0.35833765 0.40959307
0.35680905 0.40970658
0.37648336 0.41031622
0.37487350 0.41184464
0.39594201 0.41122304
0.39323743 0.41417769
0.41659875 0.41289846
0.41391988 0.41696688
0.42892290 0.42037077
0.42849015 0.42231053
0.44199227 0.43459941
0.57181903 0.45249979
0.56563684 0.45665549
0.56696508 0.45025687
0.57301479 0.44731084
0.56938017 0.44803448
0.58430588 0.45141221
0.57482293 0.44254752
0.58415126 0.44067346
0.60231658 0.45463784
0.58653209 0.43662991
0.60027713 0.44067563
0.61737636 0.45606748
0.60345393 0.43188757
0.61681548 0.44384650
0.62783148 0.45677060
0.62030580 0.43012229
0.63272900 0.44685078
0.64274110 0.45842015
0.63803160 0.42974437
0.64692139 0.44715870
0.65774491 0.46075909
0.65247696 0.43010926
0.66142544 0.44711146
0.67258976 0.46212912
0.66772854 0.43106310
0.67535502 0.45064150
0.68131904 0.46607351
0.68149551 0.43743696
0.68530604 0.45165924
0.68732549 0.44238020
0.68834757 0.45250765
0.68732549 0.44238020
0.69196544 0.44502749
0.68530604 0.45165924
0.68345373 0.46755572
0.68131904 0.46607351
0.42818029 0.45250557
0.43294896 0.45025825
0.43430639 0.45660335
0.42691694 0.44725042
0.43055555 0.44802916
0.41554631 0.45149845
0.42425636 0.44224776
0.41581013 0.44067105
0.39844835 0.45486797
0.41337236 0.43657947
0.39964821 0.44064979
0.38488155 0.45412917
0.39643884 0.43188793
0.38302347 0.44383308
0.37362996 0.45693176
0.37955537 0.43014170
0.36792765 0.44632212
0.36182068 0.45875896
0.36191307 0.42977768
0.35366961 0.44742183
0.34621050 0.46060443
0.34746405 0.43012922
0.33942373 0.44768585
0.33080606 0.46211312
0.33220398 0.43105704
0.32562667 0.45089694
0.32143910 0.46647588
0.31849669 0.43745084
0.31682767 0.45197287
0.31263015 0.44240257
0.31162752 0.45245155
0.30804315 0.44503720
0.31263015 0.44240257
0.31682767 0.45197287
0.31730729 0.46673531
0.32143910 0.46647588
0.08033049 0.55512907
0.05913800 0.56695072
0.08452591 0.55083235
0.07476042 0.54507335
0.07893031 0.54068662
0.05158093 0.55423291
0.07381552 0.53484215
0.06919168 0.53635834
0.03758386 0.54666589
0.06777639 0.52508039
0.02508222 0.53516132
0.06539825 0.52177662
0.02217305 0.51965798
0.02419046 0.49762778
0.07061564 0.50910984
0.06798299 0.50805462
0.02883322 0.48444873
0.03922530 0.47670188
0.07313899 0.49837449
0.07551139 0.50474604
0.05858269 0.46989875
0.09202828 0.49548719
0.07570060 0.47135207
0.60653293 0.47711036
0.60116423 0.46467618
0.61640922 0.46446275
0.62298223 0.47206089
0.61164351 0.47980641
0.61961124 0.48836992
0.59549441 0.45381056
0.62962558 0.49047768
0.61236034 0.44519468
0.60422377 0.44193643
0.60311656 0.43713615
0.63477042 0.47815246
0.64095566 0.48977191
0.64919267 0.48545685
0.64637762 0.47290944
0.65872459 0.47952708
0.66946850 0.47421291
0.63763030 0.46318081
0.62746927 0.46401870
0.66024533 0.46234419
0.67322506 0.46442974
0.65908656 0.44567807
0.67445847 0.45494074
0.67130479 0.44047015
0.62276177 0.45746627
0.64427220 0.46198852
0.63648692 0.44929358
0.62429131 0.45199974
0.64690832 0.45648529
0.61506929 0.43546212
0.61613969 0.42857242
0.64583590 0.45265516
0.64452242 0.44245093
0.62742690 0.44727851
0.62468615 0.42700443
0.61812030 0.42262449
0.62523666 0.41621426
0.63095991 0.44324110
0.63639418 0.42890518
0.63440236 0.41644590
0.64221002 0.41409457
0.64802880 0.43197383
0.65110623 0.41733488
0.65825983 0.42343098
0.66536202 0.42841544
0.63600484 0.43970793
0.64115570 0.44071294
0.65641290 0.43520747
0.66905454 0.43516631
0.39549503 0.46362962
0.40601682 0.46617520
0.40476947 0.47415763
0.38811969 0.47551011
0.40175110 0.48257187
0.39065089 0.48605754
0.40722512 0.45176402
0.38060410 0.49058004
0.39820298 0.44692839
0.40423260 0.44291072
0.40305020 0.43892044
0.37388357 0.47569126
0.37203192 0.49020848
0.36026816 0.48198854
0.36070735 0.47650659
0.35272554 0.47841484
0.34527626 0.47386685
0.37855771 0.46413737
0.38038033 0.46203434
0.35249050 0.46287321
0.33900077 0.46228840
0.35289658 0.45049572
0.33651581 0.45616385
0.34124022 0.44515431
0.38388865 0.46023131
0.37184201 0.46391312
0.37494653 0.45129263
0.38548336 0.45379630
0.36246034 0.45679075
0.38911272 0.43826392
0.39697175 0.43255283
0.34707796 0.43045677
0.33982871 0.43440376
0.34829414 0.43049989
0.36260364 0.42846447
0.35187732 0.42150168
0.36207979 0.41754995
0.36708728 0.41446714
0.36006176 0.44844578
0.36540849 0.44530174
0.36861004 0.42682821
0.37609593 0.41670329
0.38298922 0.41968446
0.36601168 0.44296763
0.37921576 0.43279729
0.38989099 0.42361010
0.36733148 0.43859498
0.37495061 0.43729015
0.38258342 0.44225790
0.48991288 0.64319484
0.50000032 0.64319648
0.50000036 0.64320511
0.51008033 0.64319486
0.49018069 0.64319171
0.47998334 0.64319534
0.48016620 0.64320231
0.47764805 0.64318961
0.47577613 0.64320675
0.47482771 0.64320881
0.48950088 0.64316724
0.49999324 0.64316991
0.49999532 0.64316666
0.50981802 0.64319173
0.47762820 0.64318640
0.47349382 0.64321012
0.48927386 0.64316360
0.51999682 0.64319448
0.51974132 0.64320096
0.51048803 0.64316723
0.52233617 0.64318812
0.52417312 0.64320467
0.52514660 0.64320702
0.47708321 0.64318559
0.47311123 0.64321120
0.48905138 0.64316080
0.47689829 0.64318523
0.47350820 0.64321447
0.51071809 0.64316356
0.52236398 0.64318577
0.52648011 0.64320649
0.47689445 0.64318703
0.47352463 0.64321828
0.47699841 0.64319006
0.48894868 0.64316098
0.48924870 0.64316286
0.48887554 0.64316880
0.51094282 0.64316074
0.52291058 0.64318554
0.52686887 0.64320725
0.49999753 0.64316426
0.52309660 0.64318519
0.52647918 0.64321436
0.49992621 0.64317941
0.49999979 0.64317291
0.51112117 0.64316887
0.49985224 0.64316786
0.51084971 0.64316100
0.52310198 0.64318701
0.52646127 0.64321819
0.52299370 0.64319001
0.51053544 0.64316300
0.50000036 0.64325285
0.51010253 0.64324215
0.49963744 0.64327782
0.48989731 0.64324216
0.51124565 0.64327692
0.51955126 0.64322747
0.48874786 0.64327692
0.48043890 0.64322755
0.52228638 0.64323390
0.51051881 0.64327958
0.48917891 0.64327944
0.47769207 0.64323374
0.50000034 0.64328179
0.52417312 0.64320467
0.51974132 0.64320096
0.51008033 0.64319486
0.51010253 0.64324215
0.50000036 0.64320511
0.50000036 0.64325285
0.48989731 0.64324216
0.48991288 0.64319484
0.48016620 0.64320231
0.47577613 0.64320675
0.52514660 0.64320702
0.47482771 0.64320881
0.52274604 0.64324219
0.52648011 0.64320649
0.47695468 0.64323972
0.47349382 0.64321012
0.51105544 0.64328244
0.52368397 0.64324582
0.52686887 0.64320725
0.52359432 0.64325193
0.52647918 0.64321436
0.47630183 0.64324572
0.47311123 0.64321120
0.48894485 0.64328246
0.47639464 0.64325185
0.47350820 0.64321447
0.50000035 0.64328859
0.52389346 0.64325253
0.52646127 0.64321819
0.52384333 0.64326117
0.51095870 0.64328509
0.51107347 0.64328926
0.51122031 0.64329671
0.48903880 0.64328510
0.47609779 0.64325249
0.47352463 0.64321828
0.47615186 0.64326113
0.50000036 0.64329279
0.49999830 0.64330021
0.50000034 0.64331300
0.48877750 0.64329670
0.48892421 0.64328927
0.36869306 0.45946288
0.33222596 0.40817512
0.36110970 0.40897317
0.38914041 0.41618708
0.31109005 0.42107589
0.41513182 0.42593388
0.28623263 0.44500903
0.43149112 0.43816911
0.30029620 0.46907506
0.43506498 0.45323509
0.31550510 0.49016830
0.43535510 0.47268558
0.32326563 0.49834462
0.42861464 0.48723891
0.33882339 0.50798658
0.42790905 0.49435754
0.35500326 0.51222986
0.41568185 0.50141113
0.37062746 0.51197921
0.40082524 0.50581748
0.38790308 0.50770403
0.64029653 0.40859145
0.66784318 0.40813952
0.63189904 0.45912755
0.61613731 0.42199593
0.69018778 0.42035509
0.59347411 0.43499605
0.71383798 0.44508819
0.57171353 0.44039768
0.69958934 0.46913301
0.56495728 0.45331605
0.68444517 0.49016533
0.56470921 0.47266536
0.67670129 0.49830992
0.57138233 0.48714922
0.66652078 0.50791310
0.57195476 0.49439555
0.64966175 0.51169705
0.58421252 0.50140893
0.63757638 0.51171360
0.60069457 0.50481507
0.61842622 0.51019422
0.65872459 0.47952708
0.64919267 0.48545685
0.64683866 0.47345327
0.66946850 0.47421291
0.63517870 0.47876259
0.64095566 0.48977191
0.62962558 0.49047768
0.66078783 0.46241053
0.67322506 0.46442974
0.62408569 0.47333048
0.61961123 0.48836992
0.61164351 0.47980641
0.65980159 0.44123151
0.67445847 0.45494074
0.67130479 0.44047015
0.61604620 0.46357645
0.60653293 0.47711036
0.60116423 0.46467618
0.60776719 0.43744669
0.59549441 0.45381056
0.60422380 0.44193643
0.61373726 0.43214256
0.60311656 0.43713615
0.61613969 0.42857242
0.62379541 0.45859350
0.65599267 0.43376529
0.66905454 0.43516631
0.66536202 0.42841544
0.62574596 0.42812033
0.61812030 0.42262449
0.62523667 0.41621426
0.63653087 0.42960478
0.63440236 0.41644590
0.64221002 0.41409457
0.65110623 0.41733488
0.62447552 0.44976202
0.64876310 0.43296826
0.65825983 0.42343098
0.64064639 0.43181801
0.63611340 0.43178752
0.62913635 0.43633095
0.62710983 0.44348145
0.63981885 0.44601041
0.64737196 0.43434260
0.64613345 0.44968883
0.64730719 0.45742065
0.64619512 0.46243042
0.63747105 0.46409037
0.63005533 0.46344924
0.36241278 0.47750798
0.36026816 0.48198854
0.35272554 0.47841484
0.34527626 0.47386685
0.37340895 0.47628698
0.37203190 0.49020848
0.38060410 0.49058004
0.35197726 0.46360734
0.33900077 0.46228840
0.38814631 0.47576205
0.39065089 0.48605754
0.40175110 0.48257187
0.35191261 0.45052542
0.33651581 0.45616385
0.34124020 0.44515429
0.39520130 0.46356869
0.40476947 0.47415763
0.40601682 0.46617520
0.39546654 0.44468008
0.40722512 0.45176402
0.40423259 0.44291072
0.38858660 0.43754186
0.40305020 0.43892044
0.39697175 0.43255283
0.38413426 0.46073046
0.34657293 0.42976961
0.33982871 0.43440376
0.34829414 0.43049989
0.37860191 0.43298762
0.38989099 0.42361010
0.38298922 0.41968446
0.36839677 0.42845751
0.37609592 0.41670329
0.36708728 0.41446714
0.36207979 0.41754995
0.36202569 0.42893061
0.35187731 0.42150168
0.36190210 0.43322293
0.36437012 0.42893554
0.36304163 0.44499214
0.37216288 0.42641051
0.37362802 0.44952640
0.35928431 0.44633567
0.37905632 0.43031828
0.38106975 0.43841578
0.36071011 0.46042099
0.36808552 0.46350702
0.37749789 0.46514884
0.37920105 0.46327885
0.34307245 0.48483786
0.34302561 0.48483342
0.32926698 0.48030374
0.34241296 0.48687671
0.35263844 0.49577989
0.35711300 0.48967683
0.36956513 0.49856334
0.37365267 0.48983127
0.38265641 0.50286162
0.35711300 0.48967683
0.35490925 0.49040515
0.37332033 0.49274672
0.37365267 0.48983127
0.38784721 0.49413533
0.38721900 0.49425829
0.39615368 0.50060750
0.39897186 0.49389024
0.39884476 0.49414985
0.41059953 0.48904676
0.43859026 0.40206833
0.43804806 0.40008995
0.45419071 0.40953912
0.43935081 0.40479620
0.42805167 0.39807251
0.42759620 0.39533673
0.42759620 0.39533673
0.42786073 0.39462699
0.42134094 0.39635637
0.42008142 0.39295519
0.42008142 0.39295519
0.41810713 0.39105134
0.40765718 0.39413267
0.40868514 0.38621174
0.40868514 0.38621174
0.40857474 0.38007755
0.39570018 0.39491790
0.39400215 0.38768370
0.39400215 0.38768370
0.39344514 0.38452265
0.38091697 0.39098566
0.38093641 0.38855203
0.38093641 0.38855203
0.37997275 0.38090749
0.36475475 0.38919264
0.36480055 0.38636418
0.36480055 0.38636418
0.36616470 0.37983215
0.35531252 0.38832137
0.35470949 0.38203638
0.33987725 0.38514176
0.33919249 0.37900354
0.33123603 0.38153335
0.33013458 0.37652286
0.31259152 0.37248508
0.35470949 0.38203638
0.35497480 0.37886059
0.33814437 0.37037693
0.33919249 0.37900354
0.32878240 0.37258460
0.33013458 0.37652286
0.31225085 0.37157508
0.31235362 0.37192286
0.30792698 0.37267974
0.30568797 0.36951569
0.30572774 0.37098900
0.28850306 0.37537949
0.28785886 0.37476343
0.28820787 0.37504131
0.28095925 0.36797548
0.67810407 0.48688039
0.66839677 0.48318194
0.66861236 0.48313525
0.66785037 0.48782627
0.65485696 0.49504830
0.65539598 0.48694419
0.63886699 0.49685653
0.63925907 0.49007655
0.61963225 0.49843099
0.65539598 0.48694419
0.65569854 0.48757888
0.63908562 0.49112926
0.63925907 0.49007655
0.62081002 0.49368800
0.61962855 0.49623277
0.60435792 0.49863126
0.60418455 0.49494699
0.60443857 0.49507762
0.58761073 0.48742860
0.54578311 0.40952953
0.56184445 0.40008219
0.56129378 0.40207108
0.55827623 0.40629430
0.57186333 0.39818714
0.57232754 0.39536774
0.57232754 0.39536774
0.57205004 0.39460847
0.57841002 0.39625485
0.57973038 0.39299375
0.57973038 0.39299375
0.58171882 0.39113257
0.59220739 0.39408162
0.59126784 0.38612137
0.59126784 0.38612137
0.59140303 0.38002209
0.60413998 0.39490763
0.60583078 0.38768352
0.60583078 0.38768352
0.60637224 0.38456350
0.61905837 0.39096243
0.61902127 0.38846778
0.61902127 0.38846778
0.61990607 0.38077024
0.63510076 0.38923586
0.63510366 0.38640829
0.63510366 0.38640829
0.63370385 0.37988469
0.64455916 0.38826929
0.64516254 0.38201494
0.66007503 0.38520601
0.66075535 0.37916006
0.66860789 0.38145984
0.66969147 0.37640482
0.68732337 0.37251054
0.64516254 0.38201494
0.64487688 0.37877908
0.66008825 0.37141344
0.66075535 0.37916006
0.67100496 0.37248277
0.66969147 0.37640482
0.68767714 0.37156660
0.68756791 0.37192682
0.69192666 0.37264450
0.69416895 0.36956412
0.69407229 0.37099861
0.71139266 0.37537800
0.71204180 0.37477849
0.71169011 0.37504832
0.71901396 0.36792370
0.53338850 0.64369803
0.53545355 0.64446814
0.53372699 0.64423664
0.53335130 0.64587367
0.53337042 0.64427575
0.53337042 0.64427575
0.53160490 0.64436063
0.53000445 0.64355896
0.52659421 0.64370211
0.52762729 0.64353683
0.53160490 0.64436063
0.53288368 0.64499870
0.52809385 0.64519007
0.52659421 0.64370211
0.52035186 0.64358287
0.52148932 0.64358331
0.51394692 0.64372588
0.51378799 0.64374165
0.50686755 0.64388936
0.50682514 0.64392144
0.52055558 0.64412853
0.52035186 0.64358287
0.51378799 0.64374165
0.51378349 0.64405230
0.50682514 0.64392144
0.50679965 0.64408209
0.50000000 0.64385484
0.50000000 0.64381677
0.49317557 0.64392137
0.49313317 0.64388911
0.48621556 0.64374334
0.48605808 0.64372825
0.50000000 0.64381677
0.50000000 0.64393502
0.49320091 0.64408287
0.49317557 0.64392137
0.48621772 0.64405550
0.48621556 0.64374334
0.47941862 0.64358527
0.47853060 0.64358754
0.47240267 0.64355020
0.47335756 0.64371632
0.46984247 0.64348424
0.46825656 0.64442386
0.47879056 0.64428575
0.47941862 0.64358527
0.47335756 0.64371632
0.47188346 0.64521458
0.46864013 0.64366600
0.46644538 0.64428450
0.46825656 0.64442386
0.46683088 0.64550392
0.46608482 0.64425009
0.46440334 0.64448550
0.46656444 0.64594546
0.46644538 0.64428450
0.49947775 0.56965477
0.49931159 0.56953369
0.49998948 0.56103290
0.50066464 0.56953311
0.49998799 0.57435506
0.50001014 0.57436094
0.49999923 0.57443901
0.49928641 0.58627839
